318	758
0 1
1 1
2 0
3 1
4 0
5 1
6 1
7 1
8 1
9 0
10 0
11 1
12 1
13 1
14 1
15 0
16 0
17 0
18 0
19 1
20 1
21 1
22 1
23 0
24 1
25 1
26 0
27 1
28 1
29 1
30 1
31 1
32 1
33 1
34 1
35 1
36 1
37 1
38 1
39 0
40 1
41 1
42 0
43 0
44 1
45 0
46 1
47 1
48 0
49 0
50 0
51 1
52 1
53 1
54 1
55 1
56 0
57 1
58 1
59 1
60 1
61 1
62 1
63 1
64 1
65 1
66 1
67 1
68 1
69 1
70 1
71 1
72 1
73 1
74 1
75 1
76 1
77 1
78 1
79 1
80 1
81 1
82 0
83 0
84 1
85 0
86 1
87 0
88 1
89 0
90 1
91 0
92 0
93 1
94 1
95 0
96 0
97 1
98 1
99 0
100 0
101 1
102 1
103 1
104 1
105 0
106 0
107 0
108 0
109 1
110 1
111 1
112 1
113 1
114 1
115 1
116 1
117 1
118 0
119 0
120 1
121 0
122 1
123 0
124 1
125 0
126 1
127 1
128 1
129 0
130 1
131 0
132 1
133 1
134 1
135 1
136 1
137 0
138 0
139 0
140 0
141 0
142 0
143 0
144 1
145 1
146 1
147 1
148 0
149 1
150 1
151 1
152 0
153 1
154 0
155 1
156 1
157 1
158 1
159 1
160 1
161 1
162 1
163 1
164 1
165 1
166 1
167 1
168 0
169 1
170 1
171 1
172 1
173 1
174 1
175 1
176 0
177 1
178 1
179 1
180 1
181 1
182 1
183 1
184 1
185 0
186 1
187 1
188 1
189 1
190 1
191 0
192 1
193 0
194 1
195 0
196 1
197 1
198 0
199 0
200 1
201 1
202 1
203 1
204 0
205 1
206 0
207 0
208 1
209 1
210 1
211 0
212 0
213 0
214 1
215 1
216 1
217 0
218 1
219 1
220 1
221 1
222 1
223 1
224 1
225 1
226 1
227 1
228 1
229 1
230 1
231 1
232 1
233 1
234 1
235 0
236 0
237 1
238 1
239 0
240 1
241 0
242 1
243 0
244 0
245 0
246 1
247 1
248 1
249 1
250 1
251 1
252 1
253 1
254 1
255 1
256 1
257 1
258 1
259 1
260 1
261 1
262 1
263 1
264 1
265 1
266 0
267 1
268 1
269 1
270 1
271 0
272 0
273 0
274 1
275 0
276 1
277 1
278 1
279 1
280 1
281 1
282 1
283 1
284 1
285 1
286 1
287 1
288 1
289 1
290 0
291 1
292 1
293 1
294 1
295 1
296 1
297 1
298 0
299 1
300 1
301 1
302 1
303 0
304 0
305 1
306 1
307 0
308 0
309 1
310 1
311 1
312 0
313 1
314 0
315 0
316 1
317 0
0 213 3
1 92 3
2 15 3
3 132 4
3 142 1
3 143 2
3 144 1
3 145 4
3 151 2
3 173 1
3 181 4
3 182 2
3 184 5
3 186 1
3 187 4
3 188 1
3 189 3
4 17 3
4 139 1
4 140 3
4 141 5
4 185 4
5 204 3
6 141 2
6 153 4
7 273 3
8 11 5
9 12 4
9 18 3
9 21 1
9 22 4
9 23 1
9 24 1
9 25 5
9 26 4
9 27 5
9 28 3
9 29 1
9 32 1
9 33 4
9 34 5
9 35 4
9 36 3
9 139 2
9 140 2
9 141 2
9 206 1
10 12 4
10 13 1
10 14 2
10 17 5
10 18 2
10 19 3
10 21 1
10 22 2
10 23 3
10 24 5
10 25 1
10 26 2
10 27 5
10 28 4
10 29 3
10 30 2
10 31 1
10 32 2
10 33 2
10 34 1
10 35 3
10 36 5
10 37 5
10 38 3
10 141 5
10 206 2
10 207 2
11 12 2
11 17 2
12 17 1
12 18 4
13 17 3
15 17 5
15 18 3
15 43 3
15 99 4
15 195 2
15 198 4
15 204 2
15 235 2
15 236 2
15 239 5
15 314 5
15 317 3
16 17 3
16 18 1
16 98 5
16 124 5
16 312 4
17 20 2
17 21 1
17 22 4
17 23 4
17 24 5
17 25 5
17 26 4
17 27 3
17 28 3
17 29 5
17 32 5
17 33 2
17 34 1
17 35 4
17 36 3
17 37 3
18 21 3
18 22 3
18 23 3
18 24 5
18 25 2
18 26 5
18 27 3
18 28 4
18 29 2
18 32 1
18 33 4
18 34 2
18 35 4
18 36 3
18 37 3
18 141 5
18 213 1
21 23 5
21 24 4
22 35 1
23 24 5
23 27 2
23 32 2
23 33 1
24 25 1
24 27 4
24 32 5
24 33 4
24 34 4
24 35 4
24 37 3
25 33 2
26 33 3
26 35 3
27 35 2
33 35 5
33 37 2
35 37 3
39 212 1
40 42 4
41 42 1
42 138 1
43 44 3
45 46 3
45 138 5
47 48 5
48 138 5
49 51 3
49 52 5
49 244 3
50 51 4
50 52 5
50 89 4
50 91 3
50 125 3
50 129 4
50 131 4
50 241 1
50 304 2
50 307 4
51 82 2
52 53 5
52 55 1
52 56 1
52 58 2
52 59 2
52 60 3
52 61 4
52 62 3
52 63 1
52 64 3
52 65 1
52 66 5
52 67 3
52 68 3
52 69 3
52 70 2
52 71 4
52 72 3
52 73 1
52 74 4
52 75 2
52 76 4
52 77 5
52 78 3
52 79 2
52 80 2
52 81 5
52 82 3
52 84 3
52 85 2
52 86 1
54 82 3
55 69 1
55 82 3
56 69 2
56 82 1
57 80 1
58 82 3
59 69 5
59 82 1
60 82 4
61 69 4
61 82 2
62 69 5
62 82 4
63 69 5
63 82 2
64 69 4
64 82 4
65 69 2
65 82 3
66 82 5
67 69 2
69 71 4
69 75 4
69 76 2
69 77 1
69 78 1
69 79 1
69 80 2
69 82 3
70 82 3
71 82 1
75 82 4
76 82 5
77 82 4
78 82 4
79 82 3
80 82 1
81 84 1
81 85 3
82 83 3
82 84 5
82 85 1
82 271 4
82 272 4
82 273 2
83 91 2
83 129 4
83 131 3
83 241 1
83 303 3
83 307 5
87 88 4
87 211 1
90 91 5
92 93 3
92 94 4
92 96 4
92 139 5
92 141 3
95 108 5
96 97 4
96 272 3
99 100 1
99 101 2
99 102 2
99 103 1
99 211 2
104 105 1
105 138 3
106 212 5
107 108 5
107 121 4
107 308 5
108 110 1
108 111 4
108 112 2
108 113 2
108 114 1
108 115 2
108 138 1
109 110 3
116 118 3
117 118 5
118 212 4
119 211 3
120 121 4
121 122 5
123 269 4
125 126 2
127 129 3
128 129 1
130 131 3
132 141 2
132 153 5
132 155 5
132 181 3
132 185 1
133 134 2
133 135 2
133 136 4
133 138 1
137 140 5
137 141 5
137 153 1
137 155 3
137 181 5
137 191 5
137 243 1
138 139 3
138 140 2
138 141 1
138 153 4
138 155 1
138 164 3
138 181 2
138 193 4
138 315 2
139 152 4
139 153 1
139 154 4
139 155 1
139 166 5
139 176 4
139 181 1
139 185 3
140 142 5
140 144 2
140 145 5
140 147 1
140 148 5
140 149 2
140 150 3
140 151 5
140 152 3
140 154 2
140 157 3
140 158 5
140 159 4
140 160 4
140 161 1
140 163 3
140 165 4
140 169 4
140 170 3
140 171 2
140 173 3
140 176 5
140 181 3
140 182 1
140 183 1
140 184 4
140 185 3
141 142 1
141 143 1
141 144 4
141 145 4
141 146 1
141 147 4
141 148 1
141 149 3
141 150 1
141 151 2
141 152 1
141 154 5
141 157 2
141 158 2
141 159 3
141 160 1
141 161 3
141 162 4
141 163 2
141 165 4
141 166 2
141 167 4
141 168 2
141 169 5
141 170 3
141 171 3
141 172 5
141 173 5
141 174 2
141 175 1
141 176 2
141 177 1
141 178 1
141 179 4
141 180 1
141 181 3
141 182 4
141 183 4
141 184 1
141 186 4
141 187 4
141 188 3
141 189 3
142 153 5
142 155 5
142 164 3
142 181 3
142 185 5
143 153 1
143 155 1
143 181 2
143 185 5
144 153 5
144 155 3
144 164 2
144 181 5
144 185 3
145 153 3
145 155 5
145 164 5
145 181 5
145 185 1
146 153 5
146 155 5
146 181 1
146 185 3
147 153 1
147 155 3
147 164 5
147 181 2
147 185 5
148 153 1
148 155 5
148 164 2
148 181 1
148 185 2
149 153 5
149 155 1
149 164 4
149 181 4
149 185 1
150 153 4
150 164 3
150 181 3
150 185 2
151 153 1
151 155 5
151 164 1
151 181 3
151 185 4
152 155 4
152 164 3
152 181 3
152 185 5
153 154 4
153 157 3
153 158 2
153 159 4
153 160 4
153 161 2
153 162 1
153 163 1
153 165 3
153 166 5
153 169 1
153 170 4
153 171 1
153 173 1
153 181 1
153 182 3
153 183 2
153 184 3
153 185 4
153 186 5
153 187 5
153 188 2
153 189 3
154 164 4
154 181 3
154 185 2
155 157 5
155 158 4
155 159 4
155 162 4
155 163 3
155 166 4
155 169 2
155 170 5
155 173 2
155 181 3
155 182 2
155 183 4
155 184 4
155 185 5
155 186 5
155 188 1
155 189 2
156 181 2
156 185 3
157 164 3
157 181 2
157 185 3
159 164 4
159 181 3
159 185 3
160 164 5
160 181 2
160 185 4
161 164 5
161 185 5
162 181 4
162 185 1
163 181 3
163 185 2
164 165 2
164 169 5
164 171 4
164 173 1
164 181 2
164 183 3
164 184 4
164 185 1
165 181 2
165 185 2
166 181 2
166 185 4
168 181 2
168 185 5
169 181 5
169 185 2
170 181 1
170 185 1
171 181 1
171 185 5
173 181 1
173 185 1
181 182 1
181 183 3
181 184 5
181 185 3
181 186 4
181 187 5
181 188 2
181 189 2
182 185 2
183 185 5
184 185 5
185 186 5
185 187 5
185 188 3
185 189 4
185 271 4
185 272 2
185 273 5
185 290 1
190 191 2
192 193 1
194 195 5
195 196 4
197 198 2
199 200 2
199 201 4
199 202 5
199 245 1
203 204 4
205 207 5
206 208 4
206 209 1
206 210 1
206 213 2
206 214 5
206 216 4
206 217 1
206 218 3
206 219 4
206 225 1
206 228 4
206 229 3
206 231 3
206 232 5
207 208 4
207 209 1
207 210 1
207 212 5
207 213 2
207 214 2
207 215 5
207 216 4
207 217 1
207 218 2
207 219 1
207 220 2
207 221 4
207 222 5
207 223 4
207 224 3
207 225 5
207 226 4
207 227 1
207 228 1
207 229 5
207 231 1
207 232 3
207 233 1
207 234 2
208 213 2
208 214 2
208 217 3
208 218 5
208 219 4
208 221 2
208 228 3
208 229 1
208 231 5
208 232 4
208 233 3
208 234 1
209 213 4
210 213 5
210 218 2
210 219 1
211 213 2
211 214 2
212 213 3
213 216 2
213 217 3
213 218 4
213 219 5
213 220 2
213 221 5
213 225 5
213 228 2
213 229 5
213 230 1
213 231 4
213 232 2
214 216 5
214 217 4
214 220 5
214 229 3
214 230 5
214 231 4
214 232 1
216 229 1
236 237 1
238 239 5
240 241 5
242 243 1
245 250 5
245 271 3
245 276 4
245 281 5
246 248 4
246 249 2
246 250 2
246 251 5
246 252 3
246 254 4
246 255 3
246 256 3
246 257 4
246 258 1
246 259 3
246 260 3
246 262 4
246 263 2
246 266 1
246 267 4
246 268 3
246 269 1
246 270 2
246 273 4
247 273 4
247 280 4
248 273 3
249 273 1
250 267 3
250 271 5
250 272 1
250 273 4
251 273 3
252 273 1
253 273 5
254 273 2
255 273 1
256 273 1
257 273 4
259 273 5
260 273 2
261 273 3
262 273 2
263 273 5
264 272 4
264 273 2
265 273 5
266 273 2
267 273 5
268 273 5
269 273 3
270 273 5
271 276 4
271 277 2
271 278 5
271 281 3
271 288 5
272 275 3
272 282 4
272 288 4
272 289 4
273 274 1
273 275 2
273 276 3
273 277 3
273 278 4
273 279 2
273 281 1
273 282 1
273 283 5
273 284 1
273 285 3
273 286 3
273 288 5
273 289 2
286 287 4
288 290 4
288 291 5
288 292 1
288 293 5
288 294 5
288 295 1
288 297 2
288 298 5
288 299 1
288 300 4
288 301 1
289 290 1
289 292 5
289 293 4
289 294 5
289 296 3
289 297 4
289 298 1
289 299 2
289 300 2
289 301 2
292 296 4
293 296 1
293 302 5
294 296 3
296 297 3
296 298 2
296 299 4
296 300 4
303 304 1
305 307 5
306 307 3
308 309 5
308 310 3
311 312 5
312 313 1
315 316 5
