604 2268
0 0
1 0
2 1
3 0
4 0
5 1
6 0
7 0
8 1
9 1
10 1
11 1
12 0
13 1
14 0
15 1
16 1
17 0
18 0
19 1
20 1
21 0
22 0
23 0
24 0
25 0
26 0
27 0
28 0
29 0
30 0
31 0
32 0
33 0
34 0
35 0
36 0
37 0
38 0
39 0
40 0
41 0
42 0
43 0
44 0
45 0
46 0
47 0
48 0
49 0
50 0
51 0
52 0
53 0
54 0
55 0
56 0
57 0
58 0
59 0
60 0
61 0
62 1
63 0
64 0
65 0
66 0
67 0
68 0
69 0
70 0
71 0
72 1
73 0
74 0
75 0
76 0
77 1
78 0
79 0
80 0
81 0
82 0
83 0
84 0
85 0
86 0
87 0
88 0
89 0
90 0
91 0
92 0
93 0
94 0
95 0
96 0
97 0
98 0
99 0
100 0
101 0
102 0
103 0
104 0
105 0
106 0
107 0
108 0
109 0
110 0
111 1
112 0
113 0
114 0
115 0
116 0
117 0
118 0
119 0
120 0
121 0
122 0
123 0
124 0
125 0
126 0
127 0
128 0
129 0
130 0
131 0
132 0
133 1
134 0
135 0
136 0
137 0
138 0
139 0
140 0
141 0
142 0
143 0
144 0
145 0
146 0
147 0
148 0
149 1
150 0
151 0
152 0
153 0
154 0
155 0
156 0
157 0
158 1
159 0
160 0
161 0
162 0
163 0
164 1
165 0
166 0
167 0
168 0
169 0
170 0
171 0
172 1
173 0
174 0
175 0
176 0
177 0
178 0
179 1
180 1
181 0
182 0
183 0
184 0
185 1
186 0
187 0
188 1
189 1
190 0
191 0
192 0
193 0
194 0
195 1
196 1
197 0
198 0
199 0
200 0
201 1
202 0
203 0
204 0
205 0
206 0
207 1
208 0
209 0
210 0
211 1
212 0
213 0
214 0
215 0
216 0
217 1
218 1
219 0
220 0
221 1
222 0
223 0
224 1
225 0
226 0
227 1
228 1
229 1
230 1
231 0
232 1
233 0
234 1
235 0
236 1
237 0
238 1
239 0
240 1
241 1
242 1
243 1
244 1
245 1
246 0
247 1
248 1
249 1
250 0
251 1
252 0
253 0
254 0
255 0
256 1
257 1
258 0
259 1
260 0
261 0
262 1
263 0
264 0
265 0
266 1
267 0
268 0
269 0
270 1
271 1
272 0
273 1
274 1
275 1
276 1
277 0
278 0
279 0
280 1
281 0
282 0
283 0
284 1
285 0
286 1
287 0
288 0
289 1
290 0
291 1
292 1
293 1
294 0
295 1
296 1
297 1
298 0
299 0
300 1
301 1
302 1
303 0
304 1
305 0
306 0
307 0
308 1
309 0
310 0
311 0
312 1
313 1
314 1
315 1
316 0
317 1
318 0
319 1
320 0
321 1
322 0
323 1
324 0
325 1
326 1
327 0
328 0
329 0
330 1
331 1
332 1
333 1
334 1
335 0
336 0
337 0
338 1
339 1
340 0
341 1
342 1
343 1
344 1
345 1
346 1
347 0
348 1
349 0
350 1
351 1
352 1
353 1
354 1
355 1
356 0
357 0
358 0
359 1
360 0
361 1
362 0
363 1
364 1
365 0
366 1
367 0
368 0
369 0
370 1
371 1
372 1
373 1
374 1
375 0
376 0
377 1
378 0
379 0
380 0
381 1
382 1
383 1
384 1
385 1
386 0
387 0
388 0
389 0
390 1
391 0
392 0
393 0
394 1
395 0
396 1
397 1
398 1
399 1
400 0
401 1
402 0
403 0
404 0
405 1
406 1
407 1
408 0
409 0
410 1
411 1
412 0
413 1
414 0
415 1
416 0
417 1
418 0
419 1
420 1
421 0
422 0
423 0
424 0
425 0
426 1
427 1
428 1
429 0
430 0
431 1
432 0
433 1
434 0
435 1
436 0
437 1
438 1
439 0
440 0
441 0
442 0
443 0
444 0
445 1
446 0
447 0
448 1
449 0
450 1
451 0
452 0
453 0
454 1
455 0
456 0
457 0
458 1
459 1
460 1
461 1
462 1
463 1
464 1
465 1
466 1
467 1
468 0
469 1
470 1
471 0
472 0
473 1
474 1
475 0
476 0
477 1
478 0
479 1
480 0
481 0
482 1
483 0
484 0
485 1
486 0
487 1
488 1
489 0
490 1
491 1
492 1
493 1
494 0
495 1
496 1
497 1
498 1
499 0
500 1
501 1
502 1
503 1
504 1
505 0
506 1
507 0
508 0
509 1
510 1
511 1
512 1
513 0
514 0
515 0
516 1
517 1
518 0
519 0
520 0
521 1
522 1
523 0
524 0
525 1
526 1
527 1
528 0
529 0
530 1
531 1
532 1
533 1
534 0
535 0
536 1
537 1
538 1
539 1
540 0
541 1
542 1
543 0
544 0
545 0
546 1
547 0
548 0
549 0
550 1
551 0
552 1
553 0
554 0
555 1
556 1
557 1
558 1
559 0
560 0
561 0
562 1
563 0
564 1
565 1
566 1
567 1
568 1
569 0
570 0
571 1
572 1
573 1
574 0
575 0
576 0
577 0
578 0
579 1
580 0
581 0
582 1
583 0
584 1
585 1
586 1
587 0
588 1
589 1
590 1
591 1
592 1
593 0
594 1
595 1
596 1
597 1
598 1
599 1
600 1
601 1
602 0
603 0
0 99 5
0 142 4
0 143 3
0 169 5
0 234 2
0 281 1
1 21 1
1 39 5
1 92 2
1 96 1
1 104 4
1 115 4
1 260 1
1 309 5
1 335 1
1 367 3
1 411 4
1 432 5
1 434 2
1 440 5
1 446 5
1 451 1
1 471 5
1 475 5
1 481 4
1 486 1
1 499 1
1 548 2
1 575 5
2 13 4
2 74 1
2 76 5
2 125 2
2 289 3
2 290 4
2 316 2
2 509 3
3 143 1
3 193 5
3 487 3
3 492 4
4 76 3
4 80 1
4 84 4
4 96 4
4 160 5
4 161 1
4 231 1
4 255 5
4 513 2
4 528 3
4 544 3
4 559 5
5 74 4
5 75 3
5 76 4
5 124 3
5 251 2
6 81 2
6 82 5
6 130 1
6 131 5
6 356 4
7 26 1
7 104 2
7 105 1
7 144 3
7 168 1
7 169 4
8 121 3
9 31 3
10 144 3
11 69 3
11 70 1
11 71 4
11 153 1
11 154 5
11 155 3
11 156 2
12 90 3
12 93 1
12 106 5
12 487 2
13 17 3
13 20 2
13 389 4
14 59 1
14 110 3
14 194 3
14 195 2
14 196 3
14 536 3
15 56 1
15 57 4
15 58 3
15 59 1
15 60 1
15 195 4
15 536 5
16 65 1
17 74 5
17 76 4
17 124 1
17 143 4
17 289 1
17 290 3
17 291 3
17 316 3
17 469 2
17 509 1
17 555 5
17 600 2
18 25 1
18 36 5
18 37 1
18 38 3
18 39 3
18 183 1
18 212 2
18 253 2
18 511 3
18 542 2
19 56 2
19 57 1
19 58 2
19 59 2
19 60 1
19 196 5
20 125 4
20 289 4
20 290 5
20 291 2
20 316 5
20 509 3
20 555 4
21 25 1
21 97 3
21 98 3
21 99 3
21 121 3
21 220 1
21 253 5
21 511 1
21 542 4
22 51 3
22 56 4
22 57 2
22 58 3
22 59 3
22 60 4
22 194 2
22 195 1
22 196 3
22 536 1
23 58 5
23 110 2
24 58 3
24 110 2
24 196 1
24 536 3
25 181 1
26 119 2
26 146 2
26 186 2
26 198 4
26 263 3
26 283 5
26 311 3
26 324 4
26 337 5
26 349 2
26 404 2
26 412 4
26 418 2
26 425 5
26 436 1
26 441 2
26 447 4
26 452 5
26 472 1
26 478 5
26 518 3
26 534 2
26 551 2
26 563 3
26 578 4
27 69 2
27 70 2
27 71 5
27 153 5
27 154 5
27 155 4
27 156 5
28 89 1
28 94 4
28 256 5
28 374 3
29 138 2
29 140 4
29 159 3
29 163 3
29 169 1
29 179 4
29 215 5
29 409 1
29 416 4
29 423 4
30 138 1
30 159 3
30 162 5
30 163 2
30 169 5
30 215 5
30 278 1
30 294 2
30 306 2
30 347 4
30 356 4
30 360 5
30 375 1
30 392 2
30 402 3
30 409 4
30 416 4
30 423 3
30 455 4
30 514 5
30 529 5
31 123 5
31 151 4
31 164 2
31 165 1
31 166 4
31 167 3
31 211 3
31 232 3
31 257 2
31 295 3
31 307 5
31 322 3
31 324 2
31 334 4
31 348 3
31 376 5
31 403 1
31 410 5
31 417 1
31 441 5
31 456 4
31 498 4
31 515 5
31 531 1
31 546 4
31 560 5
31 574 2
32 56 1
32 57 4
32 58 4
32 59 5
32 60 2
32 144 2
32 150 4
32 151 1
32 164 4
32 211 2
32 232 5
32 257 3
32 295 1
32 307 2
32 322 3
32 348 1
32 376 2
32 403 2
32 417 2
32 456 1
32 498 3
32 515 4
32 531 1
32 546 5
32 560 1
32 574 4
33 51 4
33 94 5
33 109 4
33 110 1
33 377 4
34 96 1
34 135 5
34 143 4
34 167 4
34 258 4
34 259 5
34 280 2
34 323 1
34 378 4
34 457 2
34 547 4
35 37 1
35 95 4
35 97 2
35 134 3
35 135 5
35 136 3
35 137 1
35 165 5
35 166 2
35 167 2
35 222 1
35 233 5
35 258 3
35 280 5
35 297 3
35 308 4
35 323 1
35 378 2
35 457 4
35 461 1
35 547 2
36 105 1
36 106 3
36 143 1
36 167 4
36 181 4
36 234 2
36 260 2
36 281 4
36 309 1
36 335 2
36 367 2
36 393 4
36 424 3
36 432 3
36 434 2
36 440 1
36 446 2
36 451 1
36 471 1
36 491 4
36 516 5
36 532 2
36 548 3
36 549 1
36 575 2
37 143 1
37 167 1
37 181 3
37 234 3
37 260 2
37 281 4
37 309 5
37 335 3
37 367 4
37 411 4
37 424 3
37 432 5
37 434 3
37 440 1
37 446 2
37 451 2
37 462 1
37 471 4
37 476 2
37 481 2
37 486 2
37 491 2
37 499 4
37 516 3
37 548 1
37 575 4
38 166 3
38 167 4
38 186 2
38 234 4
39 97 1
39 98 2
39 142 3
39 143 3
39 167 5
39 181 4
39 234 2
39 260 4
39 281 3
39 309 1
39 335 3
39 367 2
39 424 1
39 432 2
39 434 3
39 440 5
39 446 2
39 451 1
39 462 2
39 471 4
39 491 4
39 499 4
39 516 4
39 532 3
39 548 1
39 575 2
40 46 1
40 83 3
40 101 3
40 113 3
41 46 1
41 83 3
41 101 3
41 112 3
41 113 2
42 51 5
42 52 3
43 103 2
43 107 2
43 238 2
43 262 3
44 103 5
44 107 5
44 238 1
45 50 5
45 63 4
45 90 4
45 93 1
45 104 3
45 105 3
45 115 2
45 143 2
45 144 5
45 152 2
45 156 3
45 213 2
45 263 3
45 269 3
45 324 3
45 337 5
45 349 2
45 376 5
45 393 1
45 394 5
45 404 4
45 412 3
45 425 5
45 436 3
45 441 1
45 447 2
45 452 3
45 472 4
45 478 4
45 487 4
45 489 2
45 492 5
45 518 4
45 519 3
45 534 3
45 560 3
45 563 3
45 578 3
46 89 4
46 107 5
46 114 4
47 86 5
47 87 5
47 88 2
47 264 3
48 86 5
48 88 2
48 264 3
49 108 1
49 125 3
49 142 1
49 228 4
49 240 4
50 75 3
50 93 4
50 124 2
50 125 4
50 142 5
50 143 4
50 145 3
50 146 2
50 147 3
50 216 1
50 228 5
50 239 4
50 284 3
50 299 4
50 312 1
50 350 4
50 380 2
50 393 4
50 464 5
50 502 2
50 519 2
50 535 4
50 552 3
50 565 2
50 595 4
51 100 1
51 101 3
51 110 5
51 120 4
51 241 2
51 266 1
52 101 5
52 109 2
52 110 5
52 120 2
53 111 5
53 120 1
53 267 1
54 56 5
54 57 3
54 58 2
54 59 3
54 60 5
54 69 4
54 70 1
54 109 4
54 113 4
55 71 1
55 109 4
55 110 5
55 112 1
55 113 3
56 65 1
56 143 3
56 149 2
56 155 4
56 196 2
56 202 2
56 242 5
56 268 1
56 285 3
56 325 1
56 340 3
56 341 5
56 368 5
56 395 2
56 465 4
56 580 2
57 65 5
57 142 5
57 143 1
57 149 2
57 155 5
57 196 1
57 201 1
57 202 2
57 217 5
57 224 3
57 242 2
57 268 1
57 285 5
57 325 1
57 340 3
57 351 5
57 368 2
57 369 4
57 382 4
57 395 4
57 465 1
57 596 2
58 65 5
58 115 4
58 143 4
58 149 3
58 155 1
58 202 5
58 242 1
58 268 3
58 285 4
58 325 2
58 337 1
58 340 3
58 368 5
58 382 3
58 395 5
58 457 1
58 465 2
58 580 1
58 581 4
59 65 3
59 115 5
59 116 2
59 117 5
59 143 1
59 149 4
59 155 4
59 202 5
59 242 3
59 268 2
59 285 1
59 325 5
59 340 5
59 368 4
59 395 2
59 465 1
60 65 2
60 143 2
60 149 1
60 155 2
60 196 2
60 202 5
60 242 1
60 268 4
60 285 5
60 325 5
60 340 5
60 368 3
60 395 4
60 465 5
61 93 5
61 141 4
61 150 1
61 244 3
61 269 2
61 286 3
61 301 5
61 313 4
61 326 1
61 383 3
61 466 1
61 503 4
61 520 5
61 537 4
61 566 5
62 119 3
62 151 3
62 286 1
62 313 3
62 326 1
62 566 4
63 92 1
63 93 2
63 244 1
63 269 1
63 286 3
63 301 1
63 313 1
63 326 4
63 383 5
63 393 5
63 466 3
63 503 5
63 520 3
63 537 5
63 566 1
63 582 4
64 103 3
64 120 4
65 81 1
65 108 4
65 121 1
65 183 4
65 188 4
65 246 5
65 270 2
65 287 4
65 302 2
65 314 3
65 327 4
65 342 3
65 357 2
65 365 2
65 385 2
65 449 4
65 453 4
65 474 5
65 482 5
65 485 5
65 496 1
65 519 5
65 522 2
65 538 2
65 553 5
65 567 4
65 583 4
66 130 1
66 248 2
66 386 2
67 122 2
67 139 3
67 140 3
67 162 5
67 163 4
67 248 2
67 386 2
68 81 2
68 82 5
68 122 1
68 131 4
68 138 1
68 247 1
68 248 3
68 386 5
69 73 4
69 148 4
69 175 2
69 184 4
69 187 5
69 190 3
69 205 4
69 206 5
69 209 3
69 249 2
69 271 3
69 282 2
69 288 2
69 298 4
69 303 2
69 310 5
69 315 5
69 344 4
69 353 4
69 358 5
69 366 2
69 372 1
69 387 3
69 398 1
69 438 1
69 505 1
69 523 2
69 577 5
69 584 2
69 593 4
70 73 3
70 177 4
70 184 1
70 187 5
70 190 4
70 205 5
70 206 4
70 209 4
70 249 4
70 271 3
70 282 1
70 288 2
70 298 5
70 303 2
70 310 3
70 315 1
70 344 4
70 353 2
70 358 1
70 366 3
70 372 4
70 387 1
70 398 5
70 438 3
70 505 4
70 523 4
70 577 5
70 584 5
70 593 2
71 73 5
71 153 5
71 182 1
71 184 5
71 187 3
71 190 3
71 194 2
71 200 4
71 204 5
71 205 3
71 206 3
71 209 4
71 249 5
71 271 1
71 282 2
71 288 3
71 298 2
71 303 1
71 310 4
71 315 5
71 344 3
71 353 4
71 358 2
71 366 5
71 372 5
71 387 3
71 398 1
71 438 3
71 505 4
71 523 2
71 539 1
71 561 4
71 577 5
71 584 5
71 593 4
72 157 1
72 468 5
72 508 2
73 92 4
73 93 1
74 134 3
74 135 3
74 136 1
74 142 2
74 272 4
74 555 3
74 568 1
75 76 1
75 135 1
75 142 5
75 272 1
75 585 3
76 85 1
76 97 3
76 135 1
76 137 4
76 142 3
76 143 3
76 272 1
76 391 3
76 525 2
76 555 1
76 568 4
76 585 1
77 126 4
78 85 4
78 144 2
78 155 4
78 178 2
78 191 3
78 252 3
78 292 1
78 304 4
78 390 2
78 569 2
78 570 1
78 572 4
78 586 1
79 85 5
79 155 4
79 159 3
79 178 5
79 192 4
79 252 4
79 292 5
79 572 1
79 586 1
80 85 5
80 153 5
80 154 4
80 155 5
80 156 2
80 165 3
80 166 2
80 167 5
80 178 3
80 191 5
80 252 5
80 292 1
80 391 3
80 572 1
80 586 1
80 601 4
81 84 4
81 86 4
81 88 3
81 163 5
81 178 5
81 230 1
81 254 2
81 275 1
81 293 5
81 305 4
81 320 1
81 354 1
81 373 2
81 400 5
81 408 4
81 415 1
81 421 3
81 429 5
81 433 2
81 439 4
81 512 1
81 527 3
81 543 3
81 557 2
81 573 2
81 587 1
82 84 2
82 86 4
82 230 3
82 254 4
82 275 4
82 293 3
82 305 5
82 320 1
82 354 1
82 400 4
82 408 5
82 415 5
82 421 3
82 429 3
82 433 5
82 439 2
82 512 4
82 543 2
82 557 2
82 573 3
82 587 1
83 132 5
83 276 5
84 85 3
84 130 1
84 133 4
84 135 1
84 136 3
84 137 5
84 277 1
85 86 1
85 96 5
85 136 4
85 140 3
85 161 1
85 231 5
85 255 2
85 391 1
85 513 4
85 528 4
85 544 2
85 559 2
85 569 4
85 570 1
86 87 4
86 88 5
86 126 2
87 88 1
87 131 4
88 126 2
88 137 4
88 160 1
89 256 4
90 138 1
90 140 1
90 162 1
90 163 4
90 278 1
90 294 5
90 306 1
90 321 4
90 347 1
90 356 4
90 360 1
90 375 2
90 392 3
90 393 3
90 402 3
90 423 1
90 450 2
90 455 3
90 514 4
90 529 2
90 545 1
91 138 5
91 140 2
91 179 5
92 98 2
92 99 2
92 115 1
92 153 5
92 154 5
92 155 4
92 156 1
92 164 2
92 166 5
92 180 1
92 232 1
92 257 2
92 295 2
92 307 1
92 322 4
92 334 5
92 348 5
92 376 4
92 431 4
92 456 2
92 498 2
92 515 2
92 531 4
92 546 5
92 560 3
92 574 5
92 591 3
93 96 3
93 115 4
93 156 4
93 164 1
93 180 3
93 182 5
93 232 5
93 257 1
93 279 4
93 285 2
93 288 4
93 295 2
93 307 5
93 322 2
93 334 5
93 348 3
93 358 3
93 362 1
93 376 1
93 393 5
93 417 3
93 431 3
93 451 4
93 456 4
93 498 5
93 505 5
93 515 4
93 523 5
93 531 4
93 546 3
93 560 3
93 574 4
95 98 4
95 135 3
95 161 5
95 214 4
95 233 1
95 259 5
95 280 2
95 296 2
95 323 4
95 378 2
95 457 3
95 547 5
96 97 1
96 98 3
96 99 4
96 106 5
96 137 4
96 160 2
96 161 5
96 214 1
96 233 4
96 258 4
96 280 4
96 296 5
96 308 4
96 323 1
96 378 5
96 457 5
96 458 1
96 459 2
96 460 5
96 461 5
96 547 1
97 105 4
97 106 5
97 115 3
97 163 2
97 166 1
97 258 4
97 260 2
97 281 5
97 309 4
97 335 1
97 367 4
97 393 5
97 424 4
97 432 3
97 434 4
97 440 2
97 446 2
97 451 3
97 462 5
97 471 1
97 475 5
97 476 3
97 481 3
97 486 2
97 499 2
97 516 3
97 532 3
97 548 1
97 575 3
97 588 5
98 104 5
98 115 4
98 116 3
98 117 3
98 166 3
98 186 2
98 260 4
98 281 5
98 309 3
98 335 2
98 367 3
98 411 1
98 424 1
98 432 1
98 434 5
98 440 1
98 446 4
98 451 2
98 462 2
98 471 5
98 475 3
98 477 4
98 481 2
98 486 5
98 499 4
98 516 4
98 532 5
98 548 5
98 575 4
98 588 2
99 104 3
99 115 4
99 142 2
99 143 1
99 186 3
99 475 5
99 477 1
99 481 4
99 486 3
100 107 1
101 107 1
101 132 2
102 109 4
102 110 4
103 238 4
103 262 4
104 144 5
104 168 4
104 169 2
104 170 5
104 213 5
104 263 3
104 283 5
104 311 1
104 324 5
104 337 1
104 349 1
104 393 3
104 404 1
104 412 1
104 418 5
104 425 5
104 436 3
104 441 5
104 447 3
104 452 3
104 472 4
104 478 2
104 489 3
104 494 2
104 518 2
104 534 2
104 551 4
104 563 1
104 578 4
105 108 5
105 138 2
105 162 5
105 163 1
105 170 2
105 213 3
105 263 5
105 283 3
105 311 2
105 324 4
105 337 3
105 349 3
105 393 5
105 404 3
105 412 3
105 418 3
105 423 1
105 425 2
105 436 5
105 441 1
105 447 1
105 452 1
105 472 3
105 478 4
105 489 4
105 494 5
105 518 2
105 534 2
105 551 2
105 563 3
105 578 5
106 143 4
106 144 3
106 166 5
106 170 5
106 178 2
106 213 3
106 263 1
106 281 3
106 337 5
106 347 4
106 393 4
106 404 4
106 412 2
106 418 3
106 425 4
106 432 5
106 436 4
106 441 5
106 447 4
106 452 3
106 472 5
106 475 2
106 478 3
106 489 4
106 494 1
106 578 2
108 216 3
108 239 2
108 299 2
108 312 3
108 380 2
108 464 4
108 519 4
108 535 3
108 552 2
108 565 3
108 579 4
109 241 3
109 266 2
109 381 1
112 115 5
112 116 4
112 117 4
112 153 2
112 154 2
112 155 1
112 156 1
113 116 2
113 156 2
115 149 4
115 174 1
115 182 1
115 242 2
115 268 4
115 285 2
115 325 3
115 340 2
115 341 5
115 351 2
115 362 5
115 364 5
115 368 3
115 395 4
115 448 1
115 465 5
116 149 3
116 174 4
116 182 4
116 229 3
116 242 1
116 268 3
116 285 1
116 325 4
116 340 3
116 362 3
116 368 4
116 395 1
116 448 4
116 465 4
117 149 2
117 173 3
117 174 4
117 182 5
117 202 3
117 268 1
117 285 5
117 325 4
117 362 3
117 368 5
117 395 3
117 448 5
117 465 1
118 151 2
118 169 1
118 244 5
118 269 5
118 286 5
118 313 4
118 326 3
118 520 5
118 566 2
119 169 1
119 170 5
119 244 5
119 269 5
119 286 1
119 313 3
119 326 4
119 383 3
119 466 5
119 503 1
119 520 3
119 537 1
119 566 1
120 384 5
121 152 5
121 176 3
121 177 4
121 197 5
121 270 4
121 287 2
121 302 1
121 314 3
121 327 5
121 342 4
121 357 3
121 365 4
121 449 2
121 453 3
121 474 2
121 482 5
121 485 4
121 488 1
121 490 4
121 493 1
121 522 1
121 538 4
121 553 1
121 567 2
121 583 1
121 598 5
122 138 1
122 247 2
122 248 1
122 386 2
123 154 5
123 184 5
123 190 4
123 204 4
123 205 1
123 206 4
123 208 3
123 210 1
123 249 3
123 271 4
123 282 5
123 288 1
123 298 3
123 303 3
123 344 2
123 353 3
123 358 5
123 387 4
123 406 3
123 414 2
123 505 4
123 523 4
123 577 2
124 137 3
124 272 5
124 525 5
124 555 1
124 568 3
124 585 5
125 134 2
125 135 1
125 136 3
125 137 2
125 272 4
125 525 1
125 568 4
125 585 4
126 273 4
127 161 3
127 185 2
127 252 4
127 318 1
127 330 2
127 390 4
127 470 5
128 158 1
128 159 3
128 161 3
128 178 3
128 185 4
128 252 4
128 318 5
128 330 3
128 470 5
129 160 4
129 161 4
129 185 5
129 252 4
129 274 2
129 318 4
129 330 2
129 345 3
129 470 1
130 159 2
130 174 3
130 191 5
130 192 5
130 225 2
130 230 2
130 254 4
130 264 1
130 275 2
130 293 4
130 305 5
130 320 1
130 331 2
130 346 4
130 354 4
130 359 4
130 373 5
130 400 1
130 408 1
130 415 2
130 421 4
130 429 2
130 454 4
130 512 2
130 527 5
130 543 4
130 557 5
130 569 2
130 570 3
130 573 5
130 587 1
131 230 2
131 254 5
131 275 1
131 293 4
131 305 4
131 320 4
131 354 4
131 373 3
131 400 2
131 408 4
131 415 5
131 421 5
131 429 3
131 433 3
131 439 5
131 512 1
131 527 2
131 543 5
131 557 3
131 573 4
131 587 3
132 276 2
133 277 2
134 544 1
134 558 4
135 160 2
135 231 4
135 255 3
135 391 3
135 513 4
135 544 4
135 558 3
136 137 5
136 160 4
136 161 1
136 231 3
136 255 1
136 391 4
136 513 3
136 544 1
136 558 1
136 559 1
137 160 1
137 231 4
137 255 1
137 391 1
137 513 1
137 528 1
137 544 5
137 558 4
138 139 3
138 144 5
138 162 3
138 178 1
138 193 1
138 278 1
138 294 5
138 306 1
138 347 2
138 356 1
138 360 2
138 375 4
138 392 2
138 402 5
138 409 2
138 422 1
138 423 5
138 430 4
138 455 2
138 514 4
138 529 4
139 144 1
139 162 3
139 163 1
139 423 1
139 430 1
140 143 3
140 144 5
140 162 1
140 179 2
140 278 3
140 294 3
140 306 1
140 332 5
140 333 5
140 347 5
140 356 4
140 360 3
140 375 1
140 392 4
140 402 3
140 423 4
140 430 3
140 455 1
140 529 2
140 545 4
141 190 5
141 227 1
141 232 1
141 257 3
141 279 4
141 295 1
141 307 3
141 322 2
141 334 3
141 348 2
141 376 3
141 456 5
141 498 4
141 515 4
141 531 5
141 546 1
141 560 5
141 574 3
142 144 4
142 260 5
142 281 2
142 309 5
142 335 3
142 367 3
142 424 4
142 432 4
142 434 3
142 440 5
142 446 5
142 451 2
142 462 5
142 471 4
142 484 5
142 499 4
142 516 3
142 532 2
142 548 1
142 575 3
142 588 2
142 592 5
143 144 2
143 154 2
143 174 1
143 181 2
143 260 4
143 281 5
143 309 3
143 335 5
143 367 3
143 388 1
143 424 2
143 432 4
143 434 1
143 440 5
143 446 1
143 451 5
143 462 3
143 471 3
143 484 1
143 499 3
143 516 1
143 532 1
143 548 4
143 575 5
144 147 1
144 170 1
144 207 4
144 263 3
144 283 5
144 307 2
144 311 1
144 324 4
144 337 2
144 349 4
144 361 2
144 404 3
144 412 2
144 418 2
144 423 2
144 425 5
144 436 3
144 441 1
144 447 3
144 452 3
144 472 5
144 478 1
144 487 5
144 492 1
144 495 4
144 501 4
144 518 1
144 534 4
144 551 2
144 563 1
144 578 4
144 594 1
145 176 5
146 169 5
146 203 2
146 223 4
146 239 3
146 265 3
146 284 5
146 299 3
146 312 5
146 380 4
146 464 3
146 519 1
146 535 3
146 552 1
146 565 2
147 223 2
147 239 2
147 265 1
147 284 3
147 299 3
147 312 4
147 380 2
147 464 1
147 502 5
147 519 5
147 535 3
147 552 5
147 565 4
148 194 4
148 242 3
148 268 5
148 285 1
148 325 4
148 341 2
148 368 1
148 369 5
148 395 3
148 465 2
149 174 5
149 194 5
149 195 1
149 196 4
149 268 3
149 285 5
149 325 2
149 368 5
149 395 4
149 465 1
151 244 4
151 269 5
151 383 2
151 466 1
151 503 3
151 520 1
151 537 3
151 582 4
151 597 2
152 173 5
152 199 3
152 270 3
152 287 3
152 302 3
152 314 2
152 327 3
152 342 1
152 357 1
152 365 2
152 393 5
152 449 3
152 453 1
152 474 2
152 482 1
152 485 3
152 497 2
152 522 5
152 538 4
152 553 4
152 567 4
152 583 5
153 204 5
153 206 1
153 226 5
153 249 1
153 271 4
153 282 2
153 288 4
153 298 5
153 303 4
153 310 3
153 344 4
153 353 5
153 366 5
153 505 3
153 523 2
153 577 3
154 190 2
154 200 2
154 205 4
154 206 3
154 226 3
154 271 2
154 282 4
154 288 3
154 303 5
154 310 5
154 344 3
154 353 1
154 366 2
154 387 1
154 505 1
154 523 3
154 577 3
155 200 3
155 204 5
155 205 5
155 206 2
155 226 2
155 249 4
155 271 5
155 282 1
155 288 4
155 298 3
155 303 1
155 310 5
155 315 2
155 329 3
155 344 1
155 353 4
155 358 2
155 366 5
155 387 3
155 428 2
155 505 5
155 523 5
155 539 3
155 569 3
155 570 2
155 577 5
155 593 1
155 599 5
156 174 2
156 200 5
156 205 5
156 206 2
156 226 2
156 249 1
156 271 4
156 282 3
156 288 2
156 298 5
156 303 1
156 310 5
156 315 5
156 344 1
156 353 2
156 358 3
156 366 2
156 387 5
156 505 1
156 523 5
156 539 3
156 577 5
156 593 4
157 176 1
157 203 2
157 250 2
157 388 1
157 399 5
157 468 1
157 507 1
157 524 4
157 540 2
157 554 1
158 470 5
158 569 2
158 570 5
158 586 3
159 163 1
159 191 2
159 470 3
159 586 2
161 255 1
161 391 2
162 178 3
162 193 3
162 278 2
162 294 1
162 306 4
162 347 2
162 356 3
162 360 2
162 375 2
162 392 3
162 402 3
162 409 2
162 422 3
162 430 3
162 455 3
162 514 2
162 529 5
162 545 1
163 178 4
163 179 1
163 193 5
163 294 4
163 306 3
163 347 3
163 356 2
163 360 4
163 375 2
163 409 2
163 422 1
163 423 1
163 425 4
163 430 5
163 455 1
163 529 1
164 403 5
164 417 3
164 431 2
165 281 5
166 186 5
166 260 3
166 281 1
166 309 2
166 335 2
166 367 2
166 424 1
166 432 4
166 434 3
166 440 3
166 446 3
166 451 3
166 471 3
166 476 4
166 481 1
166 486 1
166 491 3
166 499 1
166 516 2
166 532 1
166 540 1
166 548 1
166 575 3
167 260 2
167 281 1
167 309 3
167 335 1
167 411 1
167 424 4
167 432 5
167 434 4
167 471 3
167 476 3
167 477 5
167 481 3
167 486 4
167 491 5
167 499 4
167 532 3
167 540 4
167 575 5
168 197 3
168 198 1
168 199 4
168 263 1
168 311 4
168 324 1
168 337 2
168 404 1
168 412 5
168 418 5
168 425 3
168 436 5
168 441 3
168 447 2
168 452 4
168 472 2
168 478 4
168 518 3
168 534 5
168 563 1
168 578 3
169 186 4
169 198 4
169 263 4
169 283 1
169 311 2
169 324 1
169 337 3
169 349 2
169 404 4
169 412 2
169 418 4
169 425 3
169 436 5
169 441 3
169 447 3
169 452 1
169 472 4
169 478 5
169 518 1
169 534 5
169 551 2
169 563 3
169 578 5
170 198 3
171 202 4
171 242 2
171 328 5
171 341 5
171 368 5
171 369 2
171 465 2
172 182 3
172 242 3
172 268 5
172 285 3
172 325 2
172 368 3
172 395 4
172 465 4
172 479 5
173 202 3
173 242 5
173 268 4
173 285 3
173 325 4
173 368 4
173 395 5
173 465 5
174 202 5
174 242 3
174 268 5
174 285 1
174 325 1
174 340 3
174 368 2
174 395 5
174 442 4
174 443 2
174 444 4
174 465 5
174 479 4
175 182 2
175 183 5
175 202 1
175 270 4
175 287 3
175 302 5
175 314 1
175 327 2
175 342 4
175 357 3
175 365 2
175 449 2
175 453 1
175 482 1
175 485 5
175 522 4
175 538 5
175 553 5
175 567 1
175 583 4
176 202 5
177 184 4
177 371 4
177 397 5
177 438 1
177 584 2
178 192 5
178 219 5
178 319 3
178 330 2
178 423 4
178 510 4
178 526 2
178 541 1
178 556 4
178 587 3
179 278 2
179 294 5
179 306 1
179 332 2
179 333 3
179 347 5
179 356 5
179 360 5
179 375 1
179 392 2
179 402 3
179 514 5
179 529 2
180 227 3
180 279 1
181 483 1
182 187 3
182 194 3
182 195 4
182 196 4
182 201 5
183 199 4
183 203 5
183 467 1
184 190 2
184 407 5
184 414 2
184 420 5
184 603 3
185 192 2
185 510 5
185 526 5
185 541 2
186 234 1
186 260 4
186 281 2
186 309 4
186 335 1
186 367 5
186 424 4
186 432 4
186 434 5
186 440 3
186 446 1
186 451 3
186 462 5
186 471 1
186 483 2
186 499 4
186 516 4
186 532 5
186 548 4
186 575 5
187 194 2
187 195 3
187 196 3
187 202 1
187 363 5
187 364 5
188 199 1
188 203 5
188 246 3
188 352 4
188 370 3
188 396 2
188 405 5
188 413 1
188 419 3
188 427 4
188 437 1
188 445 2
188 480 2
188 589 1
189 199 4
189 203 4
189 246 3
189 352 1
189 370 1
189 385 4
189 396 4
189 405 2
189 413 2
189 419 3
189 427 2
189 437 3
189 480 4
189 496 4
189 504 5
190 602 2
191 292 3
191 304 3
191 571 5
192 292 5
192 304 4
192 571 4
197 203 4
197 352 4
197 370 2
197 396 5
197 405 2
197 413 3
197 419 1
197 427 1
197 437 1
197 445 3
197 467 3
197 480 2
197 590 3
198 203 2
198 352 4
198 370 5
198 396 5
198 405 3
198 413 2
198 419 4
198 427 3
198 437 4
198 445 5
198 467 4
198 480 5
199 352 5
199 370 1
199 396 5
199 405 1
199 413 1
199 419 1
199 427 5
199 437 2
199 445 4
199 467 3
199 480 5
199 590 1
200 603 1
202 479 1
203 497 3
204 602 2
205 235 3
205 261 5
205 379 3
205 463 1
205 500 4
205 517 3
205 533 5
205 550 5
205 561 4
206 235 4
206 261 4
206 379 3
206 463 4
206 500 4
206 517 5
206 533 2
206 550 5
206 561 3
208 235 5
208 261 4
208 379 3
208 463 2
208 500 3
208 517 1
208 533 2
208 550 1
208 561 5
209 210 5
212 220 4
213 221 2
218 225 3
226 412 1
235 236 1
235 237 1
235 282 1
235 298 3
235 310 3
235 577 2
235 593 4
242 243 2
245 246 2
249 271 2
249 288 3
249 303 5
249 387 2
249 505 1
249 523 4
249 539 1
261 282 1
261 298 1
261 310 2
261 577 3
261 593 5
265 595 3
268 341 5
275 557 4
278 545 4
282 379 4
282 463 3
282 500 2
282 517 1
282 533 3
282 550 1
282 561 4
285 341 1
286 313 3
294 545 1
298 379 2
298 463 3
298 500 1
298 517 4
298 533 4
298 550 3
298 561 4
299 300 3
306 545 1
310 517 4
310 533 1
310 550 3
315 344 5
316 317 4
325 341 4
335 336 1
337 338 3
337 339 3
342 343 1
344 353 3
344 358 5
344 366 5
347 423 5
347 545 4
354 355 1
356 423 3
356 545 1
360 545 4
368 369 3
375 545 3
379 577 1
382 395 1
392 545 2
393 404 1
393 412 2
393 436 1
393 478 5
393 487 1
400 401 5
402 545 1
404 425 4
425 426 3
434 435 4
455 545 1
463 577 5
463 593 2
472 473 1
475 477 3
476 477 1
500 577 4
500 593 4
505 506 2
507 508 1
514 545 2
517 577 3
517 593 3
520 521 4
529 530 1
529 545 3
533 577 3
533 593 3
550 577 4
550 593 2
561 562 4
561 577 1
561 593 4
563 564 1
575 576 2
