172	381
0 0
1 0
2 0
3 0
4 1
5 1
6 1
7 1
8 0
9 0
10 0
11 0
12 0
13 0
14 0
15 0
16 0
17 0
18 1
19 1
20 1
21 1
22 0
23 0
24 0
25 0
26 0
27 1
28 0
29 0
30 0
31 0
32 0
33 0
34 0
35 0
36 0
37 1
38 0
39 0
40 1
41 0
42 0
43 0
44 0
45 0
46 1
47 1
48 1
49 1
50 1
51 0
52 0
53 0
54 0
55 0
56 0
57 0
58 1
59 1
60 1
61 0
62 0
63 1
64 1
65 0
66 1
67 1
68 0
69 0
70 0
71 0
72 0
73 0
74 1
75 1
76 1
77 0
78 0
79 0
80 0
81 0
82 0
83 1
84 1
85 1
86 0
87 0
88 1
89 1
90 1
91 1
92 0
93 0
94 0
95 0
96 0
97 1
98 1
99 1
100 1
101 1
102 0
103 0
104 0
105 0
106 0
107 0
108 1
109 0
110 1
111 1
112 1
113 1
114 0
115 0
116 1
117 0
118 0
119 0
120 0
121 0
122 0
123 0
124 1
125 0
126 0
127 1
128 0
129 0
130 0
131 0
132 1
133 0
134 0
135 0
136 0
137 0
138 0
139 0
140 0
141 0
142 0
143 1
144 1
145 1
146 0
147 0
148 0
149 1
150 1
151 1
152 1
153 0
154 1
155 0
156 0
157 1
158 0
159 1
160 0
161 1
162 0
163 0
164 0
165 0
166 0
167 1
168 0
169 0
170 1
171 1
0 1 5
0 2 1
0 3 1
0 4 4
0 5 3
0 24 5
0 25 3
0 26 1
1 52 4
2 4 3
2 121 3
2 129 2
2 137 1
3 4 4
3 137 2
4 5 5
5 121 4
6 7 5
6 9 2
6 124 1
8 10 2
8 72 2
8 126 3
9 10 3
9 65 1
9 72 4
9 73 2
9 125 1
9 126 4
9 127 1
10 102 5
10 103 2
10 125 2
10 126 5
11 70 1
11 71 2
12 14 4
12 15 2
12 16 1
12 17 2
12 18 1
12 19 4
12 65 3
12 72 3
12 73 2
12 94 4
13 15 2
13 16 5
13 17 1
13 18 3
13 94 4
14 44 2
14 93 5
15 19 4
15 20 5
15 21 2
15 22 1
15 44 2
15 92 3
15 93 5
16 19 2
16 20 1
16 21 5
16 22 5
16 44 5
17 22 3
17 44 5
17 93 1
22 38 1
22 39 1
23 25 2
23 26 4
23 32 3
23 114 3
23 115 2
24 26 3
24 30 5
24 31 2
24 32 4
24 114 3
24 115 2
26 27 4
28 32 3
28 33 5
28 36 3
29 32 5
29 36 4
29 129 5
30 31 4
30 32 4
30 33 5
30 36 5
31 109 4
32 33 2
32 109 3
33 137 3
34 36 3
34 55 1
34 102 1
34 103 4
34 130 1
34 131 2
35 36 4
35 53 1
35 54 2
35 55 4
35 102 3
35 103 4
35 130 2
35 131 4
36 42 5
36 43 5
36 130 5
36 131 2
37 42 2
37 43 1
37 44 3
37 45 4
37 47 1
38 40 4
39 41 3
39 42 3
39 43 1
39 45 1
39 132 4
40 42 2
40 43 4
40 132 3
41 42 5
41 43 5
41 44 5
41 45 5
41 130 5
42 44 4
42 46 4
42 48 2
42 102 3
42 103 3
43 46 2
43 47 1
43 48 4
43 102 3
43 103 4
43 132 3
44 46 4
44 48 4
44 52 1
44 70 1
45 46 5
45 47 4
45 48 4
45 51 4
45 52 2
45 68 5
45 69 3
45 70 3
45 71 5
45 132 3
46 47 2
46 48 5
46 49 5
47 49 4
48 49 5
50 52 5
52 137 1
53 56 3
53 57 5
53 60 4
53 105 5
54 56 4
54 57 1
54 59 5
54 60 1
54 105 3
54 140 2
55 57 5
55 58 3
55 59 5
55 60 1
55 105 4
56 59 2
56 60 2
56 107 1
56 140 5
56 141 2
57 59 3
57 106 5
57 107 2
61 62 4
61 63 2
61 65 3
61 72 2
61 73 1
61 143 1
62 63 5
62 95 4
62 143 5
64 70 2
64 73 3
64 74 2
65 66 4
65 71 2
65 87 4
66 73 3
67 72 2
67 73 1
68 82 4
69 82 2
69 144 1
70 82 5
70 145 5
71 72 5
71 73 3
71 80 4
71 81 3
71 82 3
71 145 4
72 86 5
72 87 3
72 119 3
72 145 2
73 87 5
73 119 2
74 75 4
76 82 4
77 81 1
77 83 2
77 89 2
77 91 3
77 147 4
78 81 2
78 82 5
78 83 5
78 89 1
78 90 3
78 91 5
78 148 1
78 153 5
79 80 4
79 81 5
79 82 5
79 83 2
79 91 3
79 148 4
80 85 5
80 88 4
80 91 5
80 158 4
81 85 5
81 88 2
81 91 4
82 85 5
82 86 2
82 87 1
82 88 2
82 90 3
82 91 1
82 156 4
83 84 3
83 85 1
83 86 1
83 87 3
83 157 3
83 158 3
84 86 3
85 86 1
85 87 5
86 102 4
86 117 4
86 118 4
86 146 1
86 148 2
86 153 5
86 154 1
86 155 2
86 156 5
86 158 1
87 102 4
87 103 3
87 117 2
87 153 2
87 155 5
87 158 3
88 89 5
91 159 1
93 142 1
94 95 2
94 161 5
95 96 4
95 161 5
97 99 5
97 100 2
98 99 4
98 100 3
99 100 4
100 101 3
100 102 5
100 103 5
101 102 4
101 103 4
101 162 2
102 104 2
103 104 4
104 164 2
105 166 2
106 110 1
106 112 2
106 168 4
106 169 1
106 170 3
107 108 5
107 109 3
107 110 3
107 111 3
107 112 1
107 168 5
107 169 3
107 170 5
108 110 5
108 112 3
108 170 5
109 110 3
109 112 2
109 168 3
109 170 5
109 171 1
110 113 1
112 113 2
116 117 4
116 119 1
118 119 2
120 135 4
121 129 4
121 137 5
122 123 5
122 164 4
123 125 3
123 126 3
126 127 1
128 130 2
130 131 4
130 133 1
130 134 5
130 137 1
130 138 5
131 134 2
131 136 5
133 138 3
134 135 3
134 136 1
136 138 5
139 140 2
139 169 2
140 168 1
140 169 1
141 169 3
146 152 4
146 153 3
146 155 2
146 156 5
147 151 1
148 151 4
148 155 4
148 156 3
148 158 4
149 151 4
149 152 3
150 152 2
153 156 1
153 158 4
154 155 5
154 156 2
155 156 5
156 158 3
156 160 2
162 163 2
162 164 4
163 164 3
165 168 5
166 167 1
168 169 2
