960	2821
0 1
1 0
2 1
3 0
4 0
5 1
6 1
7 1
8 1
9 1
10 1
11 1
12 1
13 0
14 0
15 0
16 0
17 0
18 0
19 0
20 0
21 0
22 1
23 0
24 0
25 0
26 0
27 0
28 0
29 0
30 1
31 0
32 0
33 0
34 0
35 0
36 0
37 0
38 0
39 0
40 0
41 0
42 0
43 0
44 0
45 0
46 0
47 0
48 0
49 0
50 0
51 0
52 1
53 0
54 1
55 1
56 1
57 1
58 1
59 0
60 0
61 0
62 0
63 0
64 1
65 0
66 0
67 0
68 0
69 0
70 1
71 0
72 0
73 0
74 0
75 0
76 0
77 0
78 0
79 1
80 0
81 0
82 0
83 0
84 0
85 0
86 0
87 0
88 0
89 0
90 0
91 0
92 0
93 1
94 1
95 0
96 0
97 1
98 0
99 0
100 0
101 0
102 1
103 0
104 1
105 1
106 0
107 0
108 0
109 0
110 0
111 0
112 1
113 0
114 0
115 0
116 0
117 0
118 0
119 0
120 0
121 0
122 0
123 0
124 0
125 1
126 1
127 1
128 1
129 1
130 0
131 0
132 0
133 0
134 0
135 0
136 0
137 0
138 0
139 0
140 0
141 1
142 1
143 0
144 0
145 0
146 0
147 0
148 0
149 0
150 0
151 0
152 0
153 0
154 0
155 0
156 1
157 0
158 0
159 0
160 1
161 1
162 1
163 1
164 0
165 1
166 1
167 0
168 0
169 0
170 0
171 0
172 0
173 0
174 0
175 0
176 1
177 1
178 1
179 0
180 0
181 1
182 0
183 0
184 0
185 0
186 0
187 1
188 0
189 0
190 0
191 0
192 0
193 0
194 0
195 1
196 0
197 1
198 1
199 1
200 1
201 0
202 0
203 0
204 0
205 0
206 0
207 0
208 0
209 0
210 0
211 0
212 1
213 1
214 0
215 0
216 1
217 1
218 1
219 1
220 0
221 0
222 1
223 1
224 0
225 0
226 0
227 1
228 0
229 1
230 1
231 1
232 1
233 1
234 1
235 0
236 0
237 0
238 0
239 0
240 0
241 0
242 0
243 0
244 0
245 0
246 1
247 1
248 0
249 0
250 1
251 1
252 0
253 0
254 0
255 0
256 1
257 0
258 1
259 1
260 1
261 1
262 0
263 1
264 1
265 1
266 1
267 1
268 1
269 1
270 0
271 1
272 1
273 1
274 1
275 1
276 1
277 0
278 1
279 0
280 1
281 1
282 1
283 1
284 1
285 0
286 1
287 1
288 0
289 0
290 0
291 0
292 0
293 0
294 0
295 1
296 1
297 1
298 0
299 1
300 0
301 1
302 1
303 1
304 1
305 1
306 0
307 1
308 1
309 1
310 1
311 1
312 1
313 1
314 1
315 1
316 0
317 1
318 1
319 1
320 1
321 1
322 1
323 0
324 1
325 1
326 1
327 1
328 0
329 1
330 1
331 0
332 1
333 0
334 0
335 0
336 0
337 1
338 1
339 1
340 1
341 1
342 1
343 0
344 0
345 1
346 1
347 1
348 1
349 1
350 0
351 1
352 1
353 1
354 1
355 1
356 1
357 1
358 1
359 1
360 0
361 0
362 0
363 1
364 0
365 0
366 1
367 1
368 0
369 0
370 0
371 1
372 1
373 1
374 1
375 1
376 1
377 1
378 1
379 1
380 0
381 1
382 1
383 1
384 1
385 0
386 0
387 0
388 1
389 1
390 1
391 0
392 1
393 0
394 1
395 0
396 0
397 0
398 1
399 1
400 0
401 1
402 1
403 1
404 1
405 1
406 1
407 1
408 0
409 0
410 1
411 1
412 1
413 1
414 1
415 1
416 1
417 0
418 1
419 1
420 1
421 1
422 0
423 1
424 0
425 0
426 0
427 0
428 1
429 0
430 1
431 1
432 0
433 0
434 0
435 1
436 1
437 1
438 0
439 1
440 1
441 1
442 0
443 0
444 1
445 1
446 1
447 1
448 1
449 1
450 1
451 0
452 1
453 1
454 1
455 0
456 0
457 0
458 0
459 1
460 1
461 0
462 1
463 1
464 0
465 0
466 1
467 1
468 0
469 0
470 1
471 1
472 1
473 0
474 0
475 0
476 1
477 0
478 1
479 1
480 0
481 0
482 1
483 0
484 0
485 0
486 1
487 1
488 1
489 1
490 1
491 1
492 0
493 0
494 1
495 1
496 1
497 0
498 0
499 0
500 0
501 0
502 0
503 0
504 0
505 0
506 0
507 1
508 0
509 1
510 1
511 0
512 0
513 0
514 0
515 0
516 0
517 0
518 0
519 1
520 1
521 1
522 1
523 0
524 1
525 0
526 0
527 0
528 0
529 0
530 0
531 1
532 1
533 1
534 1
535 0
536 0
537 0
538 0
539 0
540 1
541 0
542 1
543 1
544 1
545 0
546 1
547 1
548 1
549 1
550 1
551 0
552 0
553 0
554 1
555 1
556 0
557 0
558 0
559 1
560 0
561 0
562 1
563 1
564 0
565 1
566 1
567 1
568 0
569 1
570 1
571 1
572 1
573 1
574 1
575 0
576 0
577 1
578 1
579 0
580 1
581 1
582 0
583 0
584 1
585 0
586 0
587 1
588 1
589 1
590 1
591 1
592 1
593 0
594 0
595 0
596 0
597 0
598 1
599 0
600 0
601 0
602 1
603 1
604 1
605 0
606 1
607 1
608 0
609 1
610 1
611 1
612 1
613 1
614 0
615 1
616 1
617 0
618 1
619 1
620 1
621 1
622 1
623 1
624 1
625 0
626 0
627 0
628 0
629 1
630 1
631 1
632 0
633 1
634 0
635 0
636 0
637 1
638 0
639 0
640 0
641 1
642 0
643 1
644 0
645 1
646 0
647 0
648 0
649 1
650 1
651 0
652 1
653 1
654 1
655 0
656 1
657 1
658 1
659 0
660 0
661 1
662 1
663 1
664 1
665 1
666 1
667 1
668 1
669 1
670 1
671 1
672 1
673 1
674 1
675 1
676 1
677 1
678 0
679 0
680 0
681 1
682 1
683 0
684 1
685 1
686 1
687 0
688 1
689 0
690 0
691 1
692 1
693 0
694 1
695 1
696 1
697 1
698 0
699 0
700 1
701 0
702 0
703 1
704 1
705 1
706 1
707 1
708 1
709 0
710 0
711 0
712 1
713 0
714 1
715 1
716 0
717 1
718 1
719 0
720 1
721 0
722 1
723 1
724 1
725 0
726 0
727 0
728 1
729 1
730 1
731 1
732 0
733 0
734 1
735 1
736 0
737 0
738 1
739 1
740 0
741 1
742 0
743 0
744 0
745 1
746 1
747 0
748 0
749 0
750 1
751 0
752 0
753 1
754 1
755 1
756 1
757 1
758 1
759 0
760 0
761 1
762 1
763 1
764 1
765 1
766 0
767 1
768 0
769 0
770 0
771 0
772 0
773 0
774 1
775 1
776 0
777 1
778 1
779 1
780 1
781 0
782 1
783 1
784 1
785 1
786 1
787 1
788 1
789 1
790 0
791 0
792 0
793 0
794 1
795 0
796 0
797 0
798 1
799 0
800 0
801 1
802 1
803 0
804 1
805 0
806 0
807 1
808 1
809 1
810 0
811 0
812 0
813 1
814 0
815 1
816 0
817 1
818 0
819 0
820 0
821 0
822 0
823 1
824 1
825 0
826 1
827 0
828 0
829 0
830 1
831 0
832 0
833 0
834 0
835 1
836 1
837 1
838 0
839 0
840 1
841 1
842 1
843 1
844 1
845 1
846 0
847 0
848 1
849 1
850 1
851 0
852 1
853 1
854 1
855 1
856 1
857 1
858 0
859 1
860 1
861 0
862 0
863 0
864 0
865 1
866 1
867 1
868 1
869 1
870 0
871 0
872 0
873 0
874 1
875 0
876 0
877 0
878 0
879 0
880 0
881 1
882 0
883 1
884 1
885 1
886 1
887 0
888 1
889 1
890 1
891 0
892 1
893 1
894 1
895 1
896 1
897 1
898 1
899 1
900 1
901 1
902 1
903 0
904 1
905 1
906 1
907 1
908 1
909 1
910 1
911 1
912 1
913 1
914 1
915 1
916 1
917 0
918 0
919 0
920 1
921 1
922 1
923 1
924 1
925 1
926 1
927 1
928 1
929 1
930 1
931 1
932 1
933 1
934 1
935 1
936 1
937 1
938 1
939 1
940 1
941 1
942 1
943 1
944 1
945 0
946 1
947 1
948 1
949 1
950 1
951 1
952 1
953 1
954 1
955 1
956 0
957 1
958 1
959 1
0 107 4
0 110 4
0 111 4
1 74 4
1 103 5
1 106 2
1 107 3
1 108 1
1 110 2
1 111 2
1 170 5
1 220 2
1 396 4
1 506 3
1 595 5
1 598 5
1 600 5
1 601 2
1 602 3
1 603 2
1 604 2
1 617 3
1 749 5
1 875 4
1 876 4
1 877 3
1 878 3
2 455 5
2 456 4
3 77 3
3 79 4
3 81 1
3 82 1
3 83 5
3 84 5
3 288 4
4 144 1
4 145 2
4 146 1
4 542 2
4 716 4
5 799 4
6 711 1
7 65 4
7 66 3
7 67 5
7 68 5
7 69 4
7 286 5
8 121 5
8 123 4
8 124 1
9 120 1
9 884 2
10 22 1
10 24 1
10 26 1
10 337 5
10 339 5
10 340 3
10 344 2
11 253 5
11 255 3
12 201 1
12 202 2
12 203 2
12 799 1
12 893 4
12 900 3
12 901 2
12 902 1
12 903 1
12 904 2
12 908 2
12 918 5
12 919 2
12 920 5
12 921 1
12 922 1
13 14 3
13 17 1
13 82 1
14 28 1
15 31 4
15 33 5
16 17 4
16 34 2
18 204 5
19 204 4
19 205 4
19 207 2
19 335 5
19 336 2
20 204 4
20 335 1
20 336 4
21 24 3
21 26 4
21 207 2
21 235 5
21 340 4
21 344 1
22 23 1
22 337 2
22 339 4
22 340 4
22 342 1
22 343 1
22 344 3
22 345 2
22 348 2
22 349 4
22 350 3
22 351 5
22 352 1
22 353 4
22 357 1
23 204 1
23 205 1
23 206 5
23 236 1
23 237 3
23 238 2
23 339 3
23 340 1
23 343 5
23 344 3
24 205 4
24 206 5
24 236 3
24 237 4
24 238 4
24 337 1
24 339 4
24 340 1
24 343 4
24 344 3
24 345 1
24 349 4
24 350 3
24 351 5
24 352 2
24 353 3
24 357 1
25 204 5
25 337 3
25 339 3
25 340 5
25 343 1
25 344 2
25 345 3
25 349 5
25 350 3
25 351 1
25 352 1
25 353 1
25 357 1
26 204 5
26 237 1
26 238 1
26 337 2
26 339 1
26 340 4
26 343 3
26 344 3
26 345 2
26 349 5
26 350 2
26 351 4
26 352 5
26 353 3
26 357 2
27 28 1
27 31 2
27 33 1
27 116 5
27 123 5
27 124 3
27 125 4
27 642 5
27 644 4
27 645 3
29 150 4
29 161 2
29 162 4
29 164 4
29 165 2
29 169 2
29 170 1
29 174 5
29 175 5
29 177 5
29 250 2
29 810 3
30 31 1
30 33 1
31 34 1
32 33 4
32 136 2
32 138 2
32 358 5
33 34 1
34 136 4
34 137 1
34 138 5
34 358 5
35 37 2
35 59 5
35 60 1
35 368 4
35 369 2
35 376 4
35 425 3
35 575 3
36 37 5
36 59 4
36 60 2
36 368 4
36 369 2
36 376 5
36 425 1
37 73 2
37 369 3
37 377 2
38 39 1
38 106 3
38 107 4
38 108 2
38 111 4
38 381 4
38 382 1
39 220 2
39 221 3
39 381 1
39 382 4
40 41 3
40 120 4
41 153 5
42 43 3
42 48 3
42 89 4
42 106 4
42 107 2
42 108 1
42 111 1
42 153 2
42 262 3
42 323 1
42 384 3
43 89 1
43 221 1
43 384 2
44 46 2
44 82 5
44 278 5
44 386 1
45 46 2
45 75 2
45 82 5
45 107 3
45 144 2
45 278 3
45 279 2
45 385 5
45 386 4
45 387 4
46 77 5
46 90 3
46 107 1
46 278 5
46 279 4
46 386 2
46 387 1
47 48 2
47 114 4
47 261 4
47 281 3
47 390 2
48 262 4
48 280 3
48 281 3
48 390 4
49 51 5
49 132 5
49 139 4
49 140 2
49 419 4
50 51 2
50 130 2
50 132 4
50 133 4
50 139 1
50 140 2
50 282 5
50 284 5
50 362 4
50 417 2
50 419 5
50 421 3
51 71 4
51 72 4
51 283 3
51 285 3
51 417 4
51 419 1
51 420 1
51 421 5
52 53 3
52 63 4
53 61 4
53 62 4
53 65 3
53 66 5
53 67 5
53 72 3
53 87 5
53 88 3
53 115 3
53 116 2
53 189 1
53 430 3
53 431 1
53 433 5
53 434 2
53 435 1
53 438 4
53 441 4
53 442 1
53 443 3
53 886 1
54 434 4
55 60 2
56 60 1
57 60 4
58 59 3
58 60 3
59 61 3
59 62 2
59 63 2
59 67 2
59 431 5
59 433 4
59 434 2
59 435 2
59 438 4
59 441 1
59 442 3
59 450 4
60 61 2
60 62 5
60 63 2
60 64 5
60 66 3
60 67 5
60 68 5
60 72 4
60 115 2
60 143 3
60 215 1
60 226 1
60 430 4
60 432 2
60 433 1
60 434 3
60 435 3
60 437 4
60 438 5
60 439 5
60 441 1
60 442 5
60 443 5
60 886 5
61 63 4
61 68 5
61 69 2
61 88 5
61 110 4
61 116 2
61 133 2
61 143 3
61 148 1
61 174 5
61 214 1
61 215 4
61 225 5
61 226 3
61 242 2
61 245 2
61 430 4
61 431 1
61 432 4
61 437 4
61 438 2
61 439 5
61 442 3
61 832 3
62 63 3
62 68 4
62 69 3
62 140 1
62 143 5
62 148 5
62 215 1
62 225 2
62 226 2
62 238 2
62 242 1
62 243 1
62 244 5
62 245 5
62 430 1
62 432 2
62 437 4
62 438 2
62 439 1
62 450 4
63 65 3
63 66 2
63 67 5
63 71 5
63 72 2
63 88 5
63 115 5
63 116 1
63 117 2
63 171 2
63 215 5
63 226 5
63 300 4
63 430 4
63 431 1
63 433 2
63 434 1
63 435 4
63 438 4
63 441 1
63 442 4
63 443 5
63 450 4
63 886 1
65 68 1
65 69 5
65 170 5
65 189 3
65 242 5
65 243 4
65 244 4
65 245 5
65 286 1
65 287 3
65 608 1
66 68 2
66 69 3
66 189 1
66 228 1
66 243 4
66 244 4
66 286 3
66 287 3
66 608 5
67 68 5
67 69 3
67 116 5
67 180 5
67 189 4
67 242 2
67 243 2
67 244 5
67 286 4
67 287 5
67 575 1
67 608 2
67 858 1
68 75 2
68 82 5
68 89 5
68 130 5
68 131 5
68 132 3
68 133 3
68 135 1
68 140 1
68 144 4
68 146 4
68 148 4
68 244 1
68 286 3
69 75 1
69 82 5
69 131 2
69 132 4
69 133 3
69 286 4
70 71 3
70 72 4
71 73 5
71 456 4
72 73 2
72 285 4
72 456 1
72 699 3
73 144 5
73 145 4
73 146 2
73 188 4
73 393 4
73 455 5
73 693 1
73 699 5
73 701 5
74 75 2
74 76 4
74 77 2
74 83 4
74 84 3
74 168 5
74 169 4
74 170 4
74 460 5
74 462 3
75 76 1
75 77 4
75 81 5
75 82 4
75 83 2
75 84 3
75 85 4
75 89 5
75 92 5
75 151 3
75 152 5
75 159 5
75 220 5
75 221 3
75 252 4
75 288 5
75 293 1
75 461 5
75 483 3
75 485 5
76 82 5
76 89 3
76 159 5
76 170 5
76 220 5
76 221 1
77 78 5
77 81 5
77 82 3
77 83 5
77 85 3
77 89 3
77 119 1
77 159 5
77 220 2
77 221 5
77 279 1
77 288 1
77 289 5
77 290 3
77 291 1
77 292 4
77 293 1
77 294 4
77 386 5
77 461 3
77 463 5
77 469 1
77 473 5
77 474 2
77 481 3
77 483 5
77 484 4
77 512 1
77 525 2
77 526 1
77 638 2
77 887 4
78 83 3
78 84 2
79 82 4
79 83 2
79 84 3
79 288 3
79 289 1
79 290 4
79 291 3
79 292 1
79 293 2
79 294 2
79 473 2
79 474 3
79 480 1
79 483 1
79 484 4
79 887 2
80 81 2
80 107 2
81 82 2
81 83 5
81 84 3
81 86 4
81 107 4
81 288 4
81 289 2
81 290 2
81 291 5
81 292 2
81 293 4
81 294 1
81 473 1
81 474 3
81 480 5
81 483 3
81 484 2
81 887 1
82 83 4
82 84 1
82 85 5
82 89 4
82 92 3
82 151 1
82 152 3
82 252 5
82 257 4
82 279 5
82 288 5
82 289 4
82 290 5
82 293 2
82 294 5
82 473 3
82 474 5
82 477 3
82 481 2
82 483 5
82 485 4
82 526 3
82 640 5
82 683 2
83 85 3
83 169 1
83 220 3
83 288 5
83 289 2
83 290 5
83 291 5
83 292 1
83 293 2
83 294 1
83 473 5
83 474 5
83 480 3
83 483 5
83 484 5
83 887 4
84 85 3
84 92 5
84 170 1
84 288 5
84 289 5
84 290 3
84 291 3
84 292 3
84 293 4
84 294 5
84 473 2
84 474 2
84 477 3
84 480 1
84 481 5
84 483 2
84 484 1
84 887 4
85 107 4
85 254 3
86 107 2
86 146 4
87 88 1
87 196 4
87 208 3
87 209 5
87 210 3
87 211 3
87 295 4
87 296 1
87 493 2
87 500 1
87 501 5
87 805 4
87 917 4
87 918 1
88 209 3
88 211 3
88 295 5
88 297 4
88 433 3
88 500 1
89 90 1
89 107 4
89 119 1
89 144 1
89 174 1
89 298 1
89 523 3
89 525 3
89 526 4
89 527 1
89 638 5
89 773 2
90 119 4
90 190 3
90 191 5
90 298 5
90 523 2
90 525 5
90 526 3
90 527 1
90 528 1
91 92 4
91 214 3
91 560 3
91 561 4
91 562 4
91 563 5
92 191 3
92 214 3
92 215 3
92 558 3
92 559 4
92 560 3
92 561 2
92 562 3
93 96 5
93 99 1
93 302 4
93 578 1
93 582 2
93 583 5
93 585 1
93 586 1
93 590 4
94 97 4
95 97 5
95 98 4
95 99 5
95 117 3
95 164 2
95 196 5
95 201 1
95 202 3
95 203 1
95 210 4
95 302 1
95 577 4
95 579 1
95 582 4
95 583 2
95 585 3
95 591 1
95 592 1
96 97 3
96 98 3
96 99 1
96 115 5
96 116 4
96 117 4
96 192 4
96 202 2
96 203 2
96 302 2
96 536 3
96 537 1
96 577 1
96 579 1
96 582 4
96 583 5
96 585 1
96 591 2
96 592 2
97 98 5
97 99 2
97 302 1
97 578 1
97 582 4
97 583 4
97 585 4
97 586 1
97 590 4
98 192 5
98 541 4
98 585 1
99 192 4
99 302 5
99 578 1
99 582 1
99 583 3
99 585 3
99 586 3
100 108 4
100 220 4
100 221 1
100 945 3
100 956 3
101 106 3
101 107 1
101 108 5
101 111 5
101 220 4
101 221 4
102 103 3
102 104 4
102 110 4
103 106 4
103 107 1
103 108 1
103 110 4
103 111 2
103 600 2
103 601 3
103 603 1
105 106 1
105 107 4
105 110 1
105 111 2
106 109 1
106 110 1
106 144 1
106 145 1
106 146 4
106 170 1
106 220 2
106 221 5
106 364 5
106 600 5
106 602 3
107 109 3
107 110 4
107 112 2
107 119 1
107 144 2
107 145 5
107 146 3
107 152 1
107 191 5
107 220 4
107 221 4
107 253 1
107 255 1
107 279 2
107 288 5
107 293 4
107 298 4
107 364 3
107 385 3
107 477 3
107 483 2
107 512 3
107 513 3
107 525 3
107 526 3
107 527 1
107 528 4
107 600 5
107 602 5
107 749 1
108 109 5
108 110 3
108 146 4
108 221 2
108 364 4
108 600 3
108 602 3
109 111 3
109 169 5
109 170 3
109 226 2
109 365 1
110 111 3
110 113 4
110 164 4
110 168 4
110 169 3
110 170 3
110 174 4
110 186 4
110 220 1
110 225 1
110 226 5
110 365 3
110 396 3
110 508 4
110 600 5
110 601 1
110 603 2
111 144 3
111 146 1
111 220 1
111 221 2
111 364 3
111 600 4
111 602 5
113 114 5
113 225 2
113 226 2
113 605 4
113 606 4
114 605 4
115 117 3
115 164 4
115 170 2
115 174 2
115 175 4
115 610 1
115 611 3
115 614 5
115 615 3
116 117 5
116 121 1
116 122 1
116 124 2
116 164 4
116 173 2
116 174 5
116 175 2
116 202 3
116 203 1
116 244 4
116 610 2
116 611 1
116 614 2
116 615 3
116 642 4
116 752 3
117 118 2
117 121 4
117 122 5
117 164 1
117 168 2
117 169 3
117 170 4
117 196 4
117 201 3
117 202 1
117 203 4
117 209 5
117 610 3
117 611 2
117 614 1
117 615 2
118 193 2
119 120 2
119 221 1
119 429 4
119 635 2
119 636 5
119 640 4
119 747 5
119 884 3
120 174 2
120 248 4
120 634 2
120 636 3
120 637 3
120 638 2
120 640 2
120 870 3
121 123 2
121 124 1
121 139 3
121 164 3
121 304 5
121 642 2
121 644 1
121 645 2
122 123 4
122 124 3
122 125 1
122 126 5
122 139 3
122 140 4
122 175 2
122 304 5
122 642 1
122 644 4
122 645 3
123 127 1
123 132 3
123 139 3
123 140 4
123 143 4
123 144 1
123 148 4
123 303 1
123 304 5
123 305 1
123 642 5
123 644 2
123 646 5
124 127 1
124 132 2
124 139 1
124 140 2
124 143 2
124 147 2
124 148 5
124 303 1
124 304 5
124 305 5
124 306 5
124 642 4
124 644 3
124 646 3
124 651 4
124 655 4
124 660 5
128 135 5
129 140 4
129 655 3
129 660 1
130 139 4
130 307 4
130 656 5
130 660 4
131 135 5
131 136 1
131 138 3
131 139 2
131 141 2
131 142 1
131 145 3
131 306 5
131 307 1
131 647 5
131 651 3
131 653 4
131 655 1
131 658 2
131 659 4
131 660 1
132 135 4
132 136 5
132 138 1
132 139 1
132 140 4
132 141 4
132 142 3
132 145 4
132 306 2
132 307 3
132 647 3
132 650 3
132 651 3
132 653 5
132 654 2
132 655 1
132 658 5
132 659 3
132 660 4
133 135 1
133 136 1
133 138 3
133 139 3
133 140 4
133 145 1
133 146 1
133 148 4
133 157 4
133 306 3
133 307 3
133 647 2
133 650 4
133 651 4
133 653 1
133 654 5
133 655 4
133 658 1
133 659 2
133 671 3
134 135 1
134 140 1
134 307 4
134 518 3
134 651 3
134 653 1
134 655 3
134 660 5
134 743 5
135 139 4
135 140 5
135 148 5
135 306 2
135 307 2
135 518 4
135 648 4
135 650 3
135 651 5
135 653 5
135 655 2
135 658 2
135 660 1
135 662 5
135 743 3
136 139 5
136 140 3
136 145 3
137 139 2
139 140 5
139 148 2
139 306 2
139 307 1
139 648 5
139 650 2
139 651 2
139 653 2
139 654 5
139 655 3
139 656 3
139 658 2
139 660 3
140 146 1
140 148 4
140 306 1
140 307 3
140 648 4
140 650 4
140 651 5
140 653 3
140 654 5
140 655 2
140 660 2
143 144 4
143 146 3
143 147 5
143 157 4
143 642 4
144 148 5
144 157 1
144 185 2
144 186 4
144 254 3
144 386 2
144 387 1
144 465 3
144 473 2
144 475 1
144 477 1
144 480 2
144 483 4
144 523 1
144 662 3
144 689 3
145 148 5
145 157 3
145 185 2
145 186 5
146 148 5
146 157 2
146 185 4
146 186 3
146 307 3
146 473 3
146 481 5
146 513 3
146 523 5
146 662 1
146 689 1
147 148 3
148 646 1
149 152 3
149 172 4
150 152 5
150 167 1
150 171 5
150 172 5
150 891 5
152 892 4
153 154 3
153 683 4
153 684 4
153 685 2
154 249 2
154 684 1
155 156 2
155 157 5
155 170 5
155 220 4
155 221 4
155 308 4
155 596 4
155 689 3
155 690 3
155 691 5
155 827 1
155 888 4
155 945 3
156 689 3
157 309 1
157 688 5
157 689 3
157 690 4
158 159 2
158 192 5
158 579 4
159 191 2
159 192 3
160 164 3
160 173 4
160 174 3
160 175 2
161 171 3
161 172 2
162 167 2
162 171 3
162 172 4
163 169 3
163 170 3
164 166 1
164 167 2
164 168 5
164 169 3
164 170 3
164 171 2
164 172 1
164 173 2
164 184 4
164 190 3
164 191 1
164 196 4
164 201 4
164 202 2
164 207 5
164 208 2
164 209 5
164 210 1
164 211 1
164 240 1
164 241 5
164 277 1
164 709 5
164 710 3
164 711 2
164 712 2
164 776 2
164 811 2
164 814 1
165 167 2
165 171 4
165 172 4
166 174 3
166 175 5
167 169 3
167 170 2
167 174 4
167 175 5
167 177 3
167 190 1
167 241 1
167 250 1
167 628 1
167 709 5
167 710 3
167 711 4
167 712 5
167 810 5
168 172 2
168 174 2
168 917 1
169 172 1
169 174 4
169 175 3
169 208 3
169 250 5
169 614 5
169 628 3
169 709 4
169 710 1
169 711 4
169 712 3
169 791 4
169 806 3
170 172 3
170 173 5
170 174 5
170 175 5
170 176 5
170 202 2
170 209 4
170 224 4
170 226 3
170 365 3
170 600 2
170 709 5
170 710 3
170 711 5
170 712 4
171 173 1
171 174 4
171 175 4
171 176 3
171 177 5
171 194 5
171 209 4
171 250 4
171 492 2
171 493 3
171 810 2
171 891 1
172 174 5
172 177 4
172 250 1
172 710 4
172 711 4
172 810 2
173 174 4
173 175 2
173 190 5
173 194 1
173 208 5
173 240 5
173 241 3
173 710 3
173 711 1
174 177 1
174 184 4
174 190 1
174 191 2
174 194 1
174 207 3
174 208 3
174 209 5
174 210 5
174 240 3
174 241 1
174 277 3
174 433 3
174 518 2
174 627 4
174 709 3
174 710 3
174 711 5
174 712 2
174 846 2
174 903 2
174 917 4
174 919 2
175 190 3
175 194 1
175 208 2
175 209 5
175 210 4
175 211 3
175 240 3
175 241 3
175 316 4
175 709 5
175 710 3
175 711 4
175 712 4
178 179 5
178 180 5
178 182 4
179 182 5
179 242 5
179 243 5
179 244 1
179 245 5
179 717 3
179 723 1
179 726 5
179 727 4
179 821 1
180 181 4
180 182 1
180 183 2
180 242 5
180 243 4
180 244 4
180 245 4
180 717 5
180 718 1
180 721 4
180 722 5
180 723 2
180 724 5
180 725 4
180 726 5
180 727 1
180 821 4
180 822 3
181 183 5
181 717 1
181 723 5
182 183 3
182 186 4
182 718 3
182 721 2
182 722 4
182 723 2
182 724 4
182 725 4
182 726 1
182 727 1
183 185 4
183 186 2
183 310 1
183 311 3
183 728 1
183 729 2
183 730 5
183 731 2
184 185 1
184 186 5
184 187 3
184 196 3
184 208 3
184 209 2
184 210 2
184 211 5
184 759 1
184 760 1
184 761 5
185 760 5
185 761 3
186 208 3
186 209 1
186 719 2
186 759 3
186 760 3
186 761 3
188 189 1
188 424 3
189 408 1
189 568 1
189 575 3
189 762 1
190 192 5
190 202 1
190 209 5
190 314 3
190 316 1
190 776 1
190 777 1
190 778 5
190 885 4
191 192 4
191 314 4
191 316 2
191 483 3
191 776 3
191 777 2
191 778 3
191 885 3
192 315 4
192 317 5
192 530 3
192 541 1
192 776 1
192 778 5
195 196 3
196 199 2
196 202 3
196 203 4
196 208 4
196 209 4
196 799 4
196 800 2
196 802 3
196 803 5
196 805 4
196 809 3
196 890 3
196 917 5
196 918 1
196 919 3
197 207 4
198 204 5
200 201 5
200 203 4
200 208 4
200 209 1
200 213 3
200 799 3
200 800 4
200 802 5
200 803 3
200 805 4
200 809 3
200 890 3
200 917 5
200 918 4
200 919 3
200 920 2
201 204 2
201 205 5
201 206 1
201 209 5
201 210 4
201 799 3
201 800 5
201 802 2
201 804 4
201 806 1
201 917 4
201 921 4
201 922 3
202 203 2
202 204 5
202 207 4
202 208 2
202 209 5
202 210 4
202 211 2
202 583 2
202 799 3
202 800 3
202 802 4
202 804 2
202 806 5
202 917 3
202 921 4
202 922 3
203 204 2
203 205 2
203 207 2
203 209 1
203 210 2
203 799 3
203 800 4
203 802 3
203 804 2
203 806 1
203 917 2
203 921 1
203 922 3
204 207 4
204 208 1
204 209 4
204 210 3
204 211 2
204 331 2
205 209 2
205 210 4
205 211 3
205 245 3
205 331 4
206 208 3
206 210 4
206 211 2
206 331 4
207 208 2
207 209 3
207 210 1
207 211 2
207 212 4
207 343 2
208 502 5
208 721 2
208 799 1
208 800 5
208 802 4
208 803 5
208 805 1
208 890 1
208 917 1
208 918 5
208 919 2
208 920 1
209 241 4
209 711 4
209 799 3
209 805 5
209 917 5
209 918 5
210 799 4
210 800 3
210 802 2
210 803 1
210 805 1
210 890 4
210 917 2
210 918 1
210 919 2
210 920 4
211 799 1
211 800 5
211 802 2
211 803 4
211 805 5
211 890 4
211 917 5
211 918 3
211 919 2
211 920 3
214 215 3
214 560 1
214 829 1
214 834 1
214 835 3
215 829 3
215 830 4
215 832 4
215 833 2
215 835 1
216 220 1
216 221 3
217 219 4
217 220 3
217 221 3
217 225 5
217 226 4
217 319 3
217 320 2
217 923 3
217 957 1
217 958 3
218 224 4
219 224 2
220 223 3
220 224 4
220 225 5
220 226 5
220 319 2
220 320 1
220 689 4
220 956 3
221 222 3
221 223 2
221 224 3
221 225 4
221 226 4
221 279 2
221 298 5
221 319 5
221 320 2
221 386 3
221 468 3
221 473 5
221 474 3
221 477 1
221 480 3
221 481 3
221 485 3
221 523 4
221 525 4
221 526 5
221 614 2
221 887 1
221 956 2
222 225 1
222 320 5
223 225 3
224 226 4
224 319 4
224 320 5
224 923 1
224 957 5
224 958 5
226 319 3
226 320 5
226 605 4
226 923 5
226 957 2
226 958 4
227 242 2
227 243 1
227 244 4
227 245 1
228 230 1
228 231 5
228 240 1
228 241 1
228 242 5
228 243 4
228 244 5
228 245 2
228 247 3
228 818 4
228 819 2
228 820 5
228 847 3
228 849 4
228 851 5
228 852 3
228 854 5
228 855 5
228 858 1
229 240 1
231 232 5
231 233 4
231 234 4
231 239 1
231 242 1
231 243 1
231 244 5
231 245 4
233 277 4
235 240 1
235 242 4
235 243 2
235 244 3
236 240 1
236 241 2
236 242 3
236 243 4
236 244 2
236 245 4
237 241 3
237 244 2
237 245 1
238 241 2
238 242 1
238 243 2
238 244 2
238 245 3
239 240 5
239 241 4
239 242 3
239 243 5
239 244 5
239 245 5
239 818 4
239 819 1
239 820 5
239 841 5
239 843 4
239 847 3
239 849 3
239 851 4
239 852 3
239 854 5
239 855 3
239 858 3
240 241 3
240 242 2
240 243 5
240 244 1
240 245 5
240 277 3
240 844 5
240 846 1
240 849 2
240 852 4
240 854 1
240 855 4
240 856 3
240 858 1
240 860 5
241 242 5
241 243 3
241 244 1
241 277 3
241 395 2
241 844 5
241 845 1
241 846 4
241 849 4
241 852 1
241 853 1
241 854 3
241 855 1
241 856 4
241 858 1
241 860 1
242 243 1
242 244 2
242 245 2
242 246 1
242 853 4
242 859 3
243 246 3
243 841 1
243 843 3
243 847 4
243 849 5
243 851 4
243 852 2
243 854 2
243 855 5
243 856 5
243 858 3
243 859 2
244 246 4
244 560 4
244 841 3
244 843 2
244 845 4
244 847 3
244 849 2
244 851 3
244 852 2
244 854 5
244 855 1
244 856 4
244 858 1
244 859 1
245 246 4
245 841 4
245 843 2
245 847 1
245 849 1
245 851 2
245 852 5
245 854 1
245 855 1
245 856 2
245 858 4
245 859 4
248 249 1
248 866 5
248 870 2
249 869 1
250 251 5
252 253 5
252 255 3
253 254 1
254 255 5
255 256 3
255 257 3
255 258 2
256 258 2
259 264 4
260 263 2
260 264 5
261 266 5
261 268 3
262 265 3
262 266 3
262 267 5
262 268 1
263 266 3
263 267 3
263 268 1
264 266 2
264 268 1
264 269 3
266 268 5
270 397 1
270 506 1
271 820 1
271 821 4
271 822 2
272 846 2
272 847 1
272 848 5
273 376 4
273 377 1
274 689 4
275 800 5
276 807 1
277 551 5
277 841 3
277 846 1
277 847 4
277 849 5
277 851 1
277 852 3
277 853 1
277 854 4
277 856 5
277 858 1
278 279 5
278 385 4
278 386 2
278 387 4
278 388 5
278 389 1
279 386 4
282 419 4
283 419 4
295 296 4
295 297 4
298 519 4
298 520 4
298 521 5
298 522 4
298 523 4
299 539 5
299 541 5
300 539 5
300 541 4
301 539 5
301 541 4
302 577 5
302 579 4
302 583 5
302 585 4
303 304 4
306 307 3
307 652 2
310 731 3
311 731 3
312 738 1
312 742 2
312 743 1
313 743 1
315 316 2
316 774 1
317 774 4
318 795 5
318 796 3
319 320 5
321 860 3
322 860 5
323 383 2
323 384 2
323 825 5
324 377 4
325 368 1
325 369 3
325 370 4
326 376 4
326 377 4
327 409 1
328 422 5
329 564 3
330 564 4
331 332 1
333 350 4
334 350 2
336 343 4
337 339 3
337 340 3
337 344 5
338 357 4
339 340 4
339 342 2
339 343 5
339 344 3
339 345 4
339 347 3
339 348 1
339 349 4
339 350 2
339 351 1
339 352 5
339 353 4
339 355 2
339 356 2
339 357 4
340 342 2
340 343 1
340 344 2
340 345 4
340 347 3
340 348 4
340 349 2
340 350 1
340 351 5
340 352 2
340 353 5
340 354 4
340 357 2
341 343 3
341 344 4
342 343 1
342 344 3
342 345 5
342 349 1
342 350 5
342 352 1
342 353 4
343 344 5
343 345 3
343 347 2
343 348 1
343 349 4
343 350 3
343 351 5
343 352 1
343 353 1
343 355 2
343 356 4
343 357 4
344 345 5
344 347 5
344 348 5
344 349 3
344 350 1
344 352 3
344 353 2
344 355 5
344 356 3
344 357 4
345 346 2
345 347 3
345 348 5
347 349 5
347 350 3
347 352 4
347 353 3
348 349 4
348 350 3
348 351 4
348 353 4
348 357 2
351 357 5
352 357 2
359 360 4
360 456 5
361 456 2
362 864 3
363 364 5
363 365 4
364 365 2
364 366 3
365 367 2
368 377 1
368 409 1
368 575 4
369 377 5
369 409 4
369 575 4
370 377 4
370 408 5
370 409 4
370 575 3
371 377 4
372 376 5
372 377 1
373 377 4
374 377 3
375 377 2
376 379 3
377 378 4
377 379 3
380 397 3
381 382 3
385 386 3
385 387 2
386 387 2
391 392 3
391 743 1
393 742 4
394 395 3
395 846 4
395 847 2
396 397 4
397 457 4
397 506 2
397 517 1
397 702 4
398 400 1
398 414 5
399 400 5
400 409 4
400 422 5
401 409 1
402 409 3
403 409 5
404 409 3
405 409 3
406 409 4
407 409 4
408 880 3
408 882 4
409 410 3
409 411 1
409 412 4
409 413 2
409 415 5
409 416 4
417 419 2
417 421 1
417 518 2
418 419 3
422 423 3
422 424 2
422 425 5
422 499 1
424 426 2
424 568 2
425 426 3
426 503 5
427 428 3
427 429 3
427 634 5
427 635 1
427 640 3
430 432 4
430 433 5
430 435 3
431 432 1
431 433 3
432 434 2
432 435 1
432 437 2
432 438 5
432 439 5
432 441 5
432 442 5
432 443 3
432 449 4
432 451 3
432 514 4
433 434 2
433 435 3
433 436 4
433 437 3
433 438 5
433 439 2
433 441 3
433 442 1
433 443 2
433 449 4
433 451 1
433 498 3
434 437 2
434 438 1
434 443 5
434 450 4
435 438 5
437 438 3
438 733 4
439 440 4
440 441 1
442 608 1
442 687 1
443 444 3
443 445 5
443 446 4
443 447 4
443 448 2
452 454 3
453 454 3
454 455 2
454 456 1
455 456 4
455 497 3
455 713 4
455 871 3
456 458 5
459 740 4
460 462 5
460 463 5
461 462 5
461 463 1
464 702 3
465 483 2
466 483 4
467 483 3
468 483 2
469 483 4
470 483 2
471 483 3
472 483 3
473 477 2
473 483 2
474 483 2
475 483 5
476 483 4
477 483 4
478 483 2
479 481 5
480 483 3
481 483 5
482 483 3
483 484 2
483 485 2
483 513 1
486 488 3
487 489 1
487 491 1
487 492 2
488 489 1
488 490 1
488 491 1
488 493 3
489 491 3
489 492 3
489 493 2
490 492 1
491 493 2
492 500 1
493 501 1
494 497 4
495 497 2
496 497 5
500 501 1
502 726 4
502 727 1
504 593 3
504 601 1
504 736 4
505 736 3
506 507 5
506 508 5
506 599 2
506 600 4
508 599 5
509 513 1
510 513 3
511 513 1
512 513 1
515 516 2
516 748 3
523 524 5
523 525 4
523 526 1
523 527 4
523 528 5
529 586 5
530 531 4
530 539 1
530 541 5
531 539 1
531 541 2
532 535 2
533 539 5
533 541 2
534 539 5
534 541 1
535 539 4
535 541 5
535 583 3
536 537 3
536 538 5
536 539 1
537 541 5
537 582 2
537 583 5
537 585 4
538 541 5
538 583 2
538 585 5
539 540 1
539 541 1
539 583 1
539 585 2
542 544 3
543 544 4
545 659 1
545 660 2
546 554 1
546 555 3
547 554 5
547 555 4
548 554 2
548 555 4
549 554 3
549 555 5
550 554 1
550 555 2
551 552 4
551 554 5
551 555 3
552 553 2
553 554 4
553 555 3
553 851 5
556 557 4
556 558 1
556 560 3
556 838 5
556 839 2
556 873 3
557 561 2
557 816 2
558 559 5
558 561 1
558 816 5
560 561 5
560 562 3
560 563 2
560 679 2
560 680 1
560 839 4
560 872 3
561 816 2
564 565 3
564 566 2
564 567 4
564 568 4
564 569 3
564 570 4
564 571 4
564 572 5
564 573 3
564 574 3
564 575 4
568 575 5
568 879 2
576 680 5
576 862 2
577 579 1
577 583 5
577 585 1
578 579 1
578 582 3
578 583 5
578 585 2
579 582 1
579 583 3
579 584 3
579 585 3
579 586 3
580 582 2
581 585 3
582 583 1
582 585 2
583 586 2
585 586 2
587 589 3
587 590 1
588 589 1
588 590 2
588 591 5
588 592 3
589 590 5
589 591 5
589 592 5
590 591 2
590 592 3
593 736 1
594 829 2
594 831 5
594 832 5
596 597 2
597 698 3
600 602 3
600 603 4
600 737 1
601 602 1
601 603 1
601 736 1
605 606 5
605 607 4
608 609 3
610 611 5
610 615 3
612 614 4
613 614 2
616 617 4
618 622 1
618 623 4
619 622 5
619 623 1
620 622 4
620 623 4
621 622 5
621 623 3
622 625 2
622 626 4
622 628 4
622 630 1
622 631 3
623 628 3
624 628 1
625 628 5
625 799 2
626 628 5
626 630 1
626 799 3
628 629 4
628 630 5
628 631 4
628 711 1
628 799 4
632 633 5
632 716 3
634 639 2
634 641 3
635 638 5
635 639 1
635 641 2
635 748 2
636 637 3
636 638 2
636 640 4
636 768 2
638 748 3
639 768 5
642 643 4
642 644 2
642 646 5
644 645 2
644 646 5
647 651 5
647 653 3
647 655 4
647 659 3
647 660 2
648 651 4
648 655 5
648 659 2
648 660 2
649 659 4
650 651 3
650 659 3
650 660 2
651 655 4
651 659 5
651 660 2
653 660 2
654 660 4
655 659 1
655 660 1
655 667 5
655 670 5
655 772 4
656 659 2
656 667 1
657 669 1
657 670 1
658 667 3
658 671 1
659 661 4
659 662 5
659 668 1
659 671 4
660 662 2
660 667 2
660 668 3
660 671 5
661 662 3
661 664 3
663 664 5
664 667 4
664 668 2
664 670 2
664 671 1
664 673 2
665 667 2
665 668 3
665 670 5
666 667 2
666 668 5
666 670 5
667 669 3
667 670 3
671 672 4
674 676 4
674 678 5
675 678 1
676 678 4
677 678 3
678 796 1
679 681 1
679 861 2
680 831 2
680 832 2
682 683 1
683 684 4
683 686 3
684 685 3
689 690 3
689 691 4
689 697 2
689 716 3
689 732 4
690 691 5
690 692 5
690 695 1
690 716 5
694 695 5
694 696 2
698 699 3
698 701 2
699 700 4
699 701 2
701 828 4
703 709 3
704 709 5
705 709 1
706 709 5
707 709 4
708 711 4
709 710 5
709 711 2
710 711 2
710 712 1
710 781 5
710 791 1
710 795 4
711 712 1
711 791 5
711 795 2
711 811 1
711 814 1
714 716 1
715 716 4
717 718 4
717 719 5
717 722 4
717 723 2
717 724 1
717 725 1
717 726 1
717 727 5
718 723 1
718 725 1
718 726 1
718 727 1
719 721 4
720 721 2
721 723 4
721 725 5
721 726 2
721 727 5
722 726 4
722 727 4
723 724 1
723 725 4
723 726 3
723 727 4
724 725 4
724 726 2
724 727 2
725 726 4
725 730 4
725 770 1
725 771 1
726 731 1
726 769 4
727 731 2
727 769 5
728 731 4
729 730 4
729 731 5
730 731 2
733 734 5
735 736 3
738 741 1
739 741 2
740 742 5
740 743 5
740 744 4
740 745 5
741 743 1
743 744 1
744 863 2
744 864 3
746 748 1
747 748 2
750 751 2
751 760 4
753 760 3
754 760 5
755 760 4
756 760 4
757 760 4
758 760 4
759 766 5
763 764 3
763 765 2
764 766 5
767 768 1
770 771 5
775 776 5
776 777 5
776 778 5
779 791 3
780 791 3
781 791 5
782 791 2
783 791 2
784 791 1
785 791 1
786 791 3
787 791 2
788 791 1
789 791 1
790 803 3
791 793 5
792 800 4
793 796 5
793 800 5
794 797 3
795 797 2
796 797 3
798 799 1
799 800 2
799 801 3
799 802 5
799 803 1
799 804 1
799 805 4
799 917 4
799 918 3
799 919 2
800 802 3
800 803 1
800 804 4
800 812 5
802 805 4
802 806 1
803 805 5
807 808 4
807 809 5
807 810 4
808 809 2
808 810 3
809 810 3
811 812 5
811 813 5
811 814 1
811 815 2
812 814 3
817 821 4
817 822 5
818 821 5
819 821 3
820 821 4
820 822 5
820 823 4
820 824 1
821 822 2
821 823 1
821 824 5
826 828 4
829 833 4
829 834 5
829 835 4
829 836 4
829 837 1
830 837 1
832 833 5
832 834 3
832 835 5
832 836 1
832 837 5
833 835 3
836 838 2
836 839 3
837 838 3
837 839 3
838 840 5
839 840 4
841 846 1
841 847 2
842 849 5
846 849 3
846 851 4
846 853 4
846 858 4
847 849 5
847 851 4
847 853 3
847 858 4
849 850 1
849 853 2
852 853 1
853 856 3
853 858 2
857 858 3
859 860 3
864 865 5
866 869 4
866 870 2
867 869 4
867 870 2
868 869 3
873 874 5
879 880 4
879 881 3
879 882 1
879 883 1
888 889 2
893 918 3
894 919 5
894 920 5
894 921 2
894 922 1
895 919 4
895 920 4
895 921 4
895 922 3
896 919 4
896 920 4
896 921 1
896 922 2
897 919 2
897 920 1
897 921 5
897 922 4
898 919 3
898 920 2
898 921 4
898 922 4
899 919 2
899 920 4
899 921 2
899 922 4
900 918 1
901 918 2
902 918 4
903 918 1
904 918 4
905 919 5
905 920 2
905 921 1
905 922 5
906 919 5
906 920 3
906 921 4
906 922 5
907 919 4
907 920 1
907 921 4
907 922 5
908 918 3
909 919 3
909 920 3
909 921 5
909 922 1
910 919 4
910 920 3
910 921 5
910 922 1
911 919 3
911 920 3
911 921 3
911 922 1
912 919 5
912 920 2
912 921 5
912 922 4
913 919 3
913 920 4
913 921 2
913 922 1
914 919 1
914 920 3
914 921 2
914 922 2
915 919 3
915 920 1
915 921 1
915 922 3
916 919 3
916 920 1
916 921 4
916 922 2
918 919 3
918 920 1
918 921 3
918 922 4
923 946 5
923 948 5
923 949 1
923 950 3
923 951 2
923 952 4
923 954 4
923 956 3
923 957 1
923 958 4
923 959 2
924 955 1
925 956 2
925 957 2
925 958 1
926 956 3
926 957 4
926 958 4
927 956 3
927 957 4
927 958 5
928 956 5
928 957 3
928 958 2
929 956 3
929 957 3
929 958 3
930 956 5
930 957 5
930 958 5
931 957 2
931 958 1
932 956 5
932 957 2
932 958 5
933 956 4
934 956 1
934 957 4
934 958 2
935 956 1
935 957 1
935 958 4
936 956 5
936 957 2
936 958 2
937 956 3
937 957 2
937 958 5
938 956 2
938 957 5
938 958 4
939 956 2
939 957 4
939 958 2
940 956 3
940 957 1
941 956 2
941 957 1
941 958 2
942 956 4
942 957 3
943 956 1
944 957 2
944 958 2
945 956 4
945 957 3
945 958 2
946 959 4
947 959 1
948 959 5
949 956 4
949 959 4
950 959 2
951 959 2
952 959 1
953 959 4
954 959 1
955 957 5
955 958 3
956 957 4
956 958 4
956 959 4
957 959 2
958 959 4
