240	404
0 0
1 0
2 0
3 1
4 0
5 0
6 0
7 0
8 0
9 0
10 0
11 0
12 0
13 0
14 0
15 0
16 0
17 1
18 0
19 0
20 0
21 1
22 0
23 0
24 0
25 0
26 0
27 0
28 0
29 0
30 0
31 0
32 0
33 0
34 0
35 0
36 0
37 0
38 0
39 0
40 0
41 0
42 0
43 0
44 0
45 1
46 0
47 1
48 0
49 0
50 0
51 0
52 0
53 0
54 0
55 1
56 0
57 0
58 0
59 1
60 0
61 1
62 0
63 0
64 0
65 1
66 0
67 0
68 1
69 1
70 0
71 0
72 0
73 0
74 0
75 0
76 0
77 0
78 0
79 1
80 0
81 1
82 0
83 0
84 0
85 1
86 0
87 0
88 0
89 0
90 0
91 0
92 0
93 1
94 1
95 1
96 1
97 0
98 0
99 0
100 0
101 1
102 1
103 0
104 0
105 0
106 0
107 0
108 0
109 0
110 0
111 0
112 1
113 0
114 0
115 0
116 0
117 0
118 0
119 0
120 0
121 1
122 1
123 1
124 1
125 0
126 0
127 1
128 0
129 1
130 1
131 0
132 0
133 1
134 1
135 0
136 0
137 1
138 0
139 0
140 0
141 0
142 0
143 1
144 1
145 1
146 0
147 0
148 0
149 0
150 0
151 0
152 0
153 0
154 1
155 0
156 0
157 0
158 0
159 0
160 0
161 0
162 0
163 0
164 0
165 0
166 1
167 0
168 0
169 0
170 1
171 1
172 1
173 1
174 0
175 1
176 1
177 1
178 0
179 0
180 0
181 0
182 1
183 0
184 0
185 0
186 1
187 0
188 0
189 1
190 1
191 1
192 1
193 1
194 0
195 1
196 1
197 1
198 1
199 1
200 1
201 1
202 1
203 1
204 1
205 1
206 1
207 1
208 1
209 1
210 1
211 1
212 1
213 1
214 1
215 1
216 1
217 1
218 1
219 1
220 1
221 0
222 1
223 1
224 0
225 1
226 1
227 0
228 0
229 1
230 1
231 1
232 1
233 1
234 1
235 1
236 1
237 1
238 0
239 0
0 38 1
0 115 4
1 28 5
1 91 1
1 99 2
1 100 5
1 103 5
1 114 2
1 115 2
1 117 4
1 132 1
1 150 2
1 151 1
2 31 5
2 39 4
2 57 1
2 58 5
2 59 4
2 61 3
2 239 5
3 5 2
4 5 5
4 14 5
4 39 5
4 41 5
4 239 2
5 6 5
5 22 1
5 23 5
5 25 3
5 28 2
5 34 5
5 60 4
5 62 2
5 63 5
5 64 3
6 16 2
7 10 5
7 12 3
7 33 4
8 9 2
8 10 4
8 11 2
8 31 3
8 32 2
8 39 2
8 40 4
8 239 3
9 12 3
10 46 5
10 70 4
10 71 4
11 46 2
11 49 3
11 71 4
13 17 5
13 28 3
13 39 1
14 17 3
15 39 5
15 239 3
16 28 5
16 39 2
16 40 3
16 43 2
18 31 1
18 33 5
18 87 4
19 32 2
19 86 5
20 31 2
21 22 3
21 23 1
22 27 4
22 39 3
22 66 3
23 26 5
23 27 1
23 39 1
23 66 1
23 83 1
24 26 3
24 27 5
24 31 3
24 34 1
24 39 4
24 42 5
24 46 5
24 49 4
24 66 4
25 27 4
25 31 5
25 34 3
25 36 2
25 39 3
25 42 4
25 46 4
25 49 4
25 50 2
25 53 2
25 66 2
25 77 2
26 28 3
26 78 5
27 28 4
27 78 5
28 34 5
28 35 3
28 36 5
28 37 2
28 39 1
28 239 2
29 37 1
30 34 4
30 35 1
30 36 4
31 34 3
31 35 2
31 36 3
31 37 5
31 38 2
31 39 4
31 44 4
31 73 4
31 76 1
31 77 5
31 83 5
32 35 2
32 38 2
32 39 4
32 44 1
32 73 1
32 77 3
33 35 4
33 38 4
33 39 5
33 46 1
33 50 4
33 70 3
33 74 3
33 75 5
33 77 1
33 239 5
34 39 5
34 239 5
35 70 2
35 71 4
38 126 3
38 221 2
38 222 2
38 223 4
38 226 3
38 227 5
39 42 3
39 44 2
39 45 2
39 46 1
39 49 1
39 50 1
39 54 3
39 56 3
39 57 1
39 58 2
39 72 4
39 73 2
39 74 3
39 77 4
39 86 4
39 238 3
40 42 3
40 46 1
42 70 3
42 239 4
43 70 1
44 50 3
44 70 1
44 71 1
46 47 5
46 239 5
48 49 3
48 50 2
48 155 4
48 158 3
48 159 2
48 162 3
48 168 3
48 178 4
48 180 2
48 181 2
48 182 2
48 188 2
49 54 4
49 55 1
49 70 1
49 71 5
49 239 1
50 52 5
50 55 1
50 70 4
51 52 1
51 53 4
51 54 1
51 163 3
51 169 5
51 173 2
51 179 2
51 183 1
51 184 2
51 185 3
51 186 2
51 187 5
51 196 2
51 198 1
51 199 1
52 87 5
52 181 1
52 182 2
54 86 4
56 59 2
57 59 3
57 60 1
57 82 4
57 83 2
57 84 3
57 239 1
58 59 2
58 83 1
59 62 5
59 63 3
59 64 3
59 65 3
66 67 4
67 80 5
68 69 3
68 73 5
68 74 4
68 75 3
70 74 3
70 238 3
71 73 2
71 74 4
71 75 1
77 239 1
78 79 4
78 80 1
79 81 5
85 87 4
85 237 3
86 239 1
88 90 2
88 91 4
88 93 3
88 98 2
88 131 5
89 92 2
89 93 3
89 98 3
90 104 1
91 94 3
91 104 1
91 139 5
92 94 2
92 104 4
92 139 5
93 96 2
94 96 5
95 96 3
95 214 4
95 234 3
97 104 4
98 104 1
99 101 1
99 102 1
99 118 5
99 119 4
100 117 3
101 213 5
103 140 5
103 216 3
103 217 4
104 105 4
104 113 4
105 113 2
106 150 3
107 150 1
108 150 3
108 219 5
108 220 5
109 150 3
109 218 5
110 150 4
111 150 5
112 113 1
114 117 1
114 119 1
114 122 4
114 123 3
114 124 2
114 125 3
114 127 4
114 128 5
114 129 4
114 141 5
114 149 4
114 150 2
115 117 1
115 119 3
115 121 5
115 227 2
116 117 5
116 119 2
116 224 3
116 228 3
118 120 5
120 153 4
125 136 1
125 210 1
125 211 1
125 212 4
125 229 4
127 215 2
130 131 3
131 132 5
131 135 4
132 133 2
132 134 5
135 230 1
135 231 1
137 138 3
137 235 5
138 139 5
138 146 3
138 152 3
139 146 1
140 233 5
141 142 2
141 143 2
141 144 5
141 145 3
146 236 3
147 150 2
148 150 5
149 151 2
152 153 1
153 154 4
155 189 3
156 188 1
156 190 1
157 164 4
157 191 2
158 192 5
159 193 5
160 165 1
160 187 5
160 188 5
160 195 3
161 187 2
161 188 5
162 183 2
162 184 4
162 185 3
163 180 3
163 181 1
163 201 1
164 187 1
164 188 3
165 202 2
166 187 4
166 188 5
167 174 1
167 207 3
168 183 1
168 208 2
169 209 4
170 172 5
170 175 2
171 172 5
171 175 4
173 180 5
173 181 1
173 182 2
174 188 3
175 177 2
176 178 3
177 178 3
177 179 2
180 200 3
181 197 3
182 198 5
183 188 5
184 188 5
185 188 5
187 194 3
187 204 1
187 205 1
187 206 2
188 203 3
188 204 3
188 206 1
222 224 4
222 225 1
223 228 5
230 231 4
230 232 1
