201	434
0 0
1 0
2 1
3 1
4 1
5 1
6 0
7 0
8 0
9 0
10 0
11 1
12 1
13 0
14 0
15 1
16 1
17 1
18 1
19 1
20 1
21 0
22 0
23 1
24 1
25 0
26 0
27 0
28 1
29 1
30 1
31 1
32 0
33 0
34 1
35 0
36 0
37 1
38 0
39 0
40 1
41 1
42 1
43 1
44 1
45 1
46 0
47 1
48 0
49 0
50 1
51 1
52 0
53 0
54 1
55 0
56 1
57 1
58 1
59 0
60 0
61 0
62 0
63 1
64 1
65 1
66 1
67 1
68 0
69 1
70 1
71 1
72 0
73 0
74 0
75 0
76 0
77 1
78 1
79 0
80 0
81 1
82 0
83 0
84 0
85 0
86 1
87 1
88 1
89 1
90 1
91 0
92 0
93 0
94 0
95 1
96 1
97 1
98 1
99 1
100 1
101 1
102 0
103 1
104 1
105 1
106 1
107 1
108 1
109 1
110 1
111 0
112 1
113 1
114 1
115 0
116 0
117 0
118 1
119 1
120 1
121 1
122 1
123 0
124 0
125 0
126 1
127 1
128 1
129 1
130 0
131 0
132 0
133 0
134 0
135 0
136 0
137 1
138 1
139 1
140 1
141 1
142 1
143 1
144 0
145 0
146 0
147 0
148 1
149 1
150 0
151 0
152 0
153 0
154 0
155 1
156 0
157 0
158 0
159 0
160 1
161 1
162 1
163 1
164 1
165 1
166 1
167 1
168 0
169 0
170 0
171 0
172 1
173 1
174 1
175 0
176 0
177 1
178 1
179 1
180 1
181 1
182 1
183 0
184 0
185 1
186 0
187 0
188 0
189 0
190 1
191 0
192 1
193 0
194 0
195 1
196 0
197 0
198 1
199 1
200 1
0 94 2
0 111 3
0 146 1
0 147 4
1 2 1
1 3 5
1 33 4
1 72 3
2 4 3
3 4 1
5 9 5
5 11 1
5 12 3
6 9 5
6 11 1
6 12 5
6 36 2
7 8 4
7 9 4
7 10 5
7 11 3
7 38 2
7 39 5
7 97 2
7 170 5
8 11 1
8 12 5
8 36 2
9 10 1
9 11 5
9 36 3
9 186 3
10 11 3
10 12 5
10 36 5
13 15 2
13 16 5
13 17 3
13 18 2
13 36 5
14 15 2
14 16 2
14 17 4
14 18 1
14 25 1
14 35 3
19 32 2
20 32 3
21 22 4
21 23 4
21 85 2
21 175 3
21 176 4
22 23 4
22 24 1
22 82 4
22 83 2
25 26 3
25 27 4
25 28 3
25 29 1
25 30 5
25 31 3
25 48 1
25 124 3
26 28 4
26 29 1
26 31 5
26 49 2
26 53 5
26 145 3
27 28 3
27 29 3
27 30 1
27 31 5
27 49 1
27 53 2
27 144 2
27 145 3
28 29 1
28 31 3
29 31 3
32 34 5
32 59 2
32 60 4
32 78 2
33 34 4
35 36 1
35 37 2
35 123 3
36 37 2
36 52 1
36 53 1
36 55 4
38 40 4
38 41 1
38 42 1
38 43 5
38 47 4
38 98 5
38 162 2
39 41 3
39 42 1
39 43 3
39 47 5
39 161 4
39 170 3
39 171 2
40 41 5
40 42 1
44 46 3
44 161 2
44 162 5
44 168 2
44 169 1
45 161 2
45 163 2
46 47 4
46 79 4
46 161 4
46 163 5
48 50 5
48 51 5
49 50 4
49 51 1
49 52 3
49 125 2
52 53 5
52 54 3
52 55 5
52 56 1
52 58 3
52 169 2
53 54 4
53 55 1
53 56 5
53 57 1
53 58 3
55 58 5
57 58 4
59 61 5
59 62 3
59 63 3
59 64 1
59 65 4
59 66 1
59 67 5
59 68 1
59 69 3
59 73 1
59 186 1
59 187 4
59 196 4
59 197 3
60 62 4
60 63 1
60 64 4
60 65 2
60 66 5
60 67 4
60 68 3
60 69 4
60 73 4
60 186 3
60 187 1
60 197 3
61 67 1
61 68 2
61 69 3
61 80 2
61 189 4
61 196 3
62 63 1
62 64 1
62 66 4
62 67 1
62 68 1
62 69 4
62 72 2
62 80 1
62 188 2
62 189 1
63 67 5
63 68 1
63 69 1
64 67 4
64 68 4
64 69 1
65 68 5
65 69 3
66 67 3
66 69 5
68 189 1
70 73 5
71 72 1
71 73 4
72 188 3
72 189 4
73 95 3
74 77 3
74 79 4
75 77 5
75 79 3
76 77 4
76 79 5
79 80 4
79 81 1
79 186 5
79 188 2
79 189 1
80 81 2
80 186 1
80 187 3
82 84 5
82 85 4
82 86 3
82 87 5
82 89 4
82 184 3
82 186 3
82 191 1
82 193 2
82 194 3
83 84 2
83 86 5
83 87 4
83 184 2
83 186 1
83 187 3
84 89 3
84 147 3
84 158 2
85 86 3
85 87 4
85 88 5
85 90 1
85 156 4
85 157 2
85 158 1
86 89 1
87 89 4
91 92 5
91 94 1
91 102 2
91 111 5
92 93 2
92 94 3
92 111 2
93 102 1
94 102 3
95 96 3
98 161 1
99 109 5
99 147 1
100 109 5
100 147 1
101 103 2
101 104 3
101 105 3
101 106 1
101 107 3
101 108 3
101 109 3
101 114 2
101 123 3
101 145 3
101 147 3
102 104 3
102 105 1
102 136 2
103 136 3
108 111 3
109 110 4
109 112 1
109 113 2
109 124 5
109 125 5
110 135 3
110 136 4
111 112 4
111 113 3
111 134 2
111 135 1
111 136 5
114 117 3
114 122 5
115 158 1
115 159 2
116 158 4
116 159 3
117 118 5
117 119 2
117 120 2
117 121 5
117 122 3
117 123 1
117 145 3
117 158 2
117 159 2
123 124 1
123 132 5
124 126 2
124 127 2
124 128 1
124 129 3
125 126 4
125 127 4
125 134 4
125 135 2
126 145 1
127 145 5
128 145 5
129 145 5
130 136 5
130 143 2
130 170 5
130 175 1
131 136 1
131 143 3
131 170 2
131 175 4
132 134 1
132 135 4
132 136 3
132 137 5
132 138 4
132 139 4
132 140 4
132 143 2
132 145 1
132 170 4
132 175 1
133 134 3
133 135 5
133 137 5
133 138 2
133 139 1
133 140 5
133 150 2
133 151 1
133 170 1
133 171 2
133 175 1
134 143 3
134 159 2
135 143 3
135 159 4
136 137 2
136 138 2
136 139 5
136 140 3
136 141 5
136 142 2
136 159 5
137 143 4
138 143 2
139 143 4
140 143 4
144 147 1
144 148 1
144 149 5
144 152 1
144 153 4
144 154 2
145 146 4
145 147 2
145 148 1
145 149 2
146 158 1
147 148 4
147 149 2
147 158 4
153 155 5
156 159 1
157 159 3
158 159 5
158 160 4
161 163 1
161 166 5
161 167 3
161 171 5
162 163 1
162 164 1
162 165 1
162 170 4
163 167 1
168 170 4
168 171 3
168 172 4
168 173 1
168 188 1
168 189 2
169 170 3
169 171 2
169 188 5
169 189 3
170 172 2
170 173 1
170 174 2
171 172 5
171 173 1
175 176 2
175 177 4
175 178 4
175 179 2
176 177 3
176 178 5
176 179 3
176 180 2
180 181 5
180 182 5
183 185 5
183 193 5
184 185 5
186 188 4
186 189 1
186 190 5
186 191 1
186 192 2
187 188 2
187 189 3
187 190 3
187 192 2
188 190 4
188 192 5
189 190 3
189 191 3
189 192 2
190 192 2
195 197 3
195 200 5
196 200 4
197 198 4
197 199 5
