631	2078
0 0
1 1
2 0
3 0
4 1
5 0
6 0
7 1
8 0
9 0
10 0
11 0
12 0
13 0
14 0
15 0
16 0
17 1
18 1
19 0
20 0
21 1
22 1
23 1
24 1
25 1
26 1
27 1
28 0
29 0
30 0
31 0
32 1
33 1
34 1
35 1
36 0
37 0
38 0
39 0
40 0
41 0
42 0
43 0
44 0
45 1
46 1
47 1
48 1
49 1
50 1
51 1
52 1
53 1
54 1
55 0
56 0
57 0
58 1
59 1
60 0
61 0
62 0
63 0
64 0
65 0
66 0
67 0
68 1
69 1
70 1
71 1
72 1
73 0
74 1
75 1
76 1
77 1
78 1
79 1
80 1
81 0
82 0
83 0
84 0
85 0
86 0
87 0
88 1
89 1
90 0
91 0
92 0
93 0
94 0
95 1
96 1
97 0
98 1
99 1
100 1
101 1
102 1
103 1
104 1
105 1
106 1
107 1
108 1
109 1
110 0
111 0
112 0
113 0
114 0
115 0
116 0
117 0
118 0
119 0
120 0
121 0
122 0
123 0
124 0
125 1
126 1
127 1
128 1
129 0
130 0
131 0
132 0
133 0
134 0
135 0
136 0
137 1
138 1
139 0
140 0
141 0
142 0
143 0
144 0
145 0
146 0
147 0
148 0
149 0
150 1
151 1
152 0
153 1
154 1
155 1
156 1
157 1
158 1
159 0
160 0
161 1
162 1
163 1
164 1
165 1
166 1
167 1
168 0
169 1
170 1
171 1
172 1
173 1
174 0
175 0
176 0
177 0
178 0
179 0
180 0
181 0
182 0
183 0
184 1
185 1
186 0
187 1
188 1
189 1
190 1
191 0
192 0
193 1
194 1
195 1
196 1
197 1
198 1
199 1
200 0
201 1
202 1
203 1
204 0
205 0
206 0
207 0
208 0
209 0
210 0
211 0
212 0
213 0
214 0
215 0
216 0
217 0
218 0
219 0
220 0
221 0
222 0
223 0
224 0
225 0
226 0
227 0
228 0
229 0
230 0
231 0
232 0
233 0
234 1
235 1
236 1
237 0
238 0
239 1
240 0
241 0
242 0
243 0
244 0
245 0
246 0
247 0
248 0
249 0
250 1
251 1
252 1
253 1
254 1
255 1
256 1
257 1
258 1
259 1
260 1
261 1
262 1
263 1
264 0
265 0
266 0
267 0
268 0
269 0
270 0
271 0
272 0
273 0
274 1
275 1
276 1
277 1
278 1
279 0
280 0
281 1
282 1
283 0
284 0
285 0
286 0
287 0
288 0
289 0
290 0
291 0
292 0
293 0
294 0
295 0
296 0
297 0
298 0
299 0
300 0
301 1
302 0
303 0
304 0
305 0
306 1
307 1
308 1
309 1
310 0
311 0
312 0
313 1
314 1
315 1
316 1
317 0
318 0
319 1
320 0
321 1
322 0
323 1
324 1
325 1
326 0
327 0
328 1
329 1
330 1
331 0
332 1
333 0
334 0
335 0
336 1
337 0
338 0
339 0
340 0
341 0
342 0
343 0
344 0
345 0
346 0
347 0
348 0
349 0
350 0
351 0
352 0
353 0
354 0
355 0
356 0
357 0
358 0
359 1
360 1
361 1
362 1
363 1
364 0
365 0
366 1
367 1
368 1
369 0
370 0
371 1
372 0
373 0
374 0
375 0
376 0
377 0
378 0
379 0
380 0
381 0
382 0
383 0
384 0
385 0
386 0
387 0
388 0
389 1
390 1
391 1
392 1
393 1
394 1
395 1
396 1
397 1
398 1
399 1
400 1
401 0
402 1
403 1
404 0
405 0
406 0
407 0
408 0
409 1
410 1
411 1
412 1
413 0
414 0
415 0
416 0
417 0
418 1
419 1
420 1
421 1
422 1
423 1
424 1
425 0
426 0
427 0
428 0
429 0
430 0
431 0
432 0
433 0
434 0
435 0
436 0
437 0
438 0
439 0
440 0
441 0
442 0
443 0
444 0
445 0
446 0
447 0
448 0
449 1
450 0
451 1
452 1
453 1
454 0
455 0
456 1
457 1
458 1
459 1
460 1
461 1
462 1
463 1
464 0
465 0
466 1
467 1
468 1
469 1
470 1
471 1
472 1
473 1
474 1
475 1
476 0
477 0
478 1
479 1
480 0
481 1
482 0
483 0
484 0
485 0
486 0
487 0
488 0
489 0
490 0
491 0
492 0
493 0
494 0
495 0
496 0
497 0
498 0
499 0
500 0
501 1
502 1
503 0
504 0
505 1
506 0
507 0
508 0
509 0
510 0
511 1
512 1
513 0
514 0
515 1
516 1
517 1
518 0
519 1
520 1
521 1
522 1
523 1
524 1
525 1
526 0
527 0
528 0
529 0
530 0
531 0
532 0
533 0
534 0
535 0
536 0
537 0
538 0
539 0
540 0
541 0
542 0
543 0
544 0
545 0
546 0
547 0
548 0
549 0
550 0
551 0
552 1
553 1
554 1
555 1
556 1
557 1
558 1
559 1
560 1
561 1
562 0
563 0
564 0
565 0
566 0
567 0
568 1
569 0
570 0
571 0
572 0
573 0
574 0
575 0
576 0
577 0
578 0
579 0
580 0
581 0
582 1
583 0
584 0
585 1
586 1
587 1
588 1
589 1
590 1
591 0
592 0
593 1
594 1
595 1
596 1
597 0
598 0
599 1
600 1
601 0
602 0
603 0
604 0
605 0
606 0
607 0
608 0
609 0
610 0
611 1
612 0
613 0
614 0
615 0
616 0
617 0
618 0
619 0
620 0
621 0
622 0
623 0
624 1
625 1
626 1
627 1
628 1
629 0
630 0
0 498 1
1 122 2
1 123 3
1 124 1
2 91 2
2 303 2
2 304 1
2 305 3
2 310 1
2 311 5
2 312 3
2 317 5
2 318 4
2 320 3
2 322 4
2 326 4
2 327 4
2 331 1
2 333 4
2 350 2
2 351 3
2 364 3
2 365 2
2 369 1
2 370 3
2 579 2
3 615 1
3 619 1
4 266 5
4 267 5
5 618 5
5 629 1
5 630 4
6 8 3
6 618 2
6 629 1
6 630 3
7 167 4
7 169 4
8 607 1
8 609 5
8 610 3
9 354 3
9 355 2
9 356 5
9 357 5
10 354 1
10 355 2
10 356 3
10 357 4
11 612 3
11 613 5
11 614 3
12 425 1
12 426 2
13 264 1
13 265 1
14 270 2
14 271 3
14 272 3
14 273 3
15 620 5
15 621 4
15 622 1
15 623 3
16 620 5
16 621 3
16 622 5
16 623 5
17 38 5
17 39 1
18 26 1
18 38 2
18 39 4
19 38 1
20 38 5
20 39 4
21 38 2
22 38 2
22 39 2
23 26 4
23 38 2
23 39 3
24 39 3
25 26 5
25 38 3
26 31 4
26 38 5
27 38 2
27 39 1
28 38 5
29 38 1
29 39 3
30 38 3
31 38 3
31 39 3
32 43 4
32 44 1
33 43 1
33 44 2
34 43 3
34 44 5
35 38 5
35 39 4
36 43 2
36 44 1
37 43 1
37 44 2
38 40 1
38 41 4
38 42 1
38 47 2
38 48 2
38 49 2
38 65 3
38 139 3
38 144 2
38 186 1
38 373 2
39 40 5
39 41 3
39 42 1
39 46 2
39 47 3
39 49 5
39 65 4
39 139 4
39 144 3
39 186 2
39 373 5
39 619 1
40 41 4
40 42 3
40 43 5
40 44 5
40 45 4
40 408 3
40 439 3
41 43 2
41 44 4
41 45 2
41 174 4
41 175 5
41 176 3
41 177 4
41 178 3
41 268 2
41 617 3
41 618 5
41 619 4
42 43 3
42 44 3
42 45 4
42 65 3
42 174 5
42 175 1
42 176 1
42 177 3
42 178 3
42 266 2
42 615 4
42 617 4
42 618 5
42 619 5
43 140 2
43 374 2
44 140 2
44 374 3
50 55 3
50 56 2
51 55 4
51 56 4
52 55 5
52 56 2
53 55 2
53 56 4
54 55 1
54 56 2
55 179 3
55 180 5
55 181 4
55 444 3
56 240 3
56 444 5
57 354 3
57 355 5
57 356 1
57 357 2
58 61 3
59 61 3
59 62 3
60 536 2
60 537 2
60 538 5
61 62 1
61 530 3
61 531 3
61 532 5
62 533 2
62 534 1
63 354 2
63 355 5
63 356 4
63 357 1
64 354 4
64 355 1
64 356 4
64 357 3
66 192 3
67 620 5
67 621 1
67 622 4
67 623 5
68 81 1
68 82 5
68 83 2
68 84 4
69 81 4
69 82 3
69 83 3
69 84 2
70 81 5
70 82 1
70 83 1
70 84 2
71 81 3
71 82 1
71 83 5
71 84 5
72 81 4
72 82 1
72 83 1
72 84 5
73 81 2
73 82 4
73 83 5
73 84 1
74 81 4
74 82 5
74 83 5
74 84 2
75 81 5
75 82 1
75 83 4
76 81 5
76 82 5
76 83 2
76 84 3
77 192 4
78 81 4
78 82 5
78 83 4
78 84 5
79 81 4
79 82 1
79 83 1
79 84 4
80 81 3
80 82 4
80 83 5
80 84 4
81 87 2
81 89 5
81 217 2
81 297 2
81 430 3
81 431 3
81 581 2
82 85 3
82 86 1
82 89 1
82 90 4
82 134 1
82 217 1
82 297 1
82 430 2
82 431 5
82 581 3
83 85 4
83 86 4
83 87 1
83 89 1
83 90 4
83 217 5
83 297 3
83 430 4
83 431 1
84 86 1
84 87 3
84 90 3
84 217 5
84 297 5
84 430 3
84 431 5
85 88 2
85 351 5
85 352 4
85 353 1
86 88 3
86 351 1
86 352 2
86 353 3
87 120 3
87 121 5
90 132 1
90 133 1
90 134 3
90 135 3
90 217 3
91 337 5
91 338 3
91 339 3
91 340 1
91 341 5
91 342 3
91 344 4
91 345 4
91 346 2
91 347 5
91 348 5
92 354 3
92 355 4
92 356 2
92 357 1
93 113 4
93 114 5
93 115 2
94 113 1
94 114 1
94 115 5
95 122 5
95 123 1
95 124 5
96 122 5
96 123 3
96 134 3
97 113 1
97 114 3
97 115 1
97 116 1
98 113 5
98 114 5
98 115 5
99 113 5
99 114 4
99 115 4
100 113 2
100 114 1
100 115 3
101 113 5
101 114 4
101 115 5
102 113 1
102 114 5
102 115 5
103 113 5
103 114 3
104 113 5
104 114 5
104 115 1
105 113 1
105 114 4
105 115 5
106 113 2
106 114 3
106 115 2
107 113 5
107 114 1
107 115 4
108 113 3
108 114 3
108 115 2
109 114 3
110 113 1
110 114 4
110 115 5
111 122 3
111 123 3
111 124 4
111 136 1
112 132 3
112 295 1
112 298 2
113 116 3
113 127 3
113 128 5
113 129 3
113 130 1
113 131 2
113 132 5
113 133 3
113 135 4
113 143 3
113 242 2
113 243 1
113 294 1
113 295 1
113 298 3
113 299 1
113 440 2
113 441 2
113 569 5
114 116 2
114 117 3
114 118 5
114 119 4
114 126 2
114 127 5
114 128 3
114 129 1
114 130 4
114 131 4
114 132 3
114 133 2
114 134 3
114 135 2
114 143 4
114 242 1
114 243 5
114 294 1
114 295 5
114 298 2
114 299 1
114 440 1
114 441 5
114 569 1
115 116 1
115 127 4
115 128 3
115 129 3
115 130 3
115 131 1
115 132 4
115 133 2
115 135 2
115 143 1
115 242 4
115 243 3
115 294 1
115 295 3
115 298 4
115 299 3
115 440 5
115 441 5
115 569 5
116 121 4
116 123 4
116 124 5
116 125 5
116 349 1
116 350 5
116 413 1
116 489 4
116 490 3
116 534 4
116 615 5
117 121 2
117 122 2
117 123 2
117 124 5
117 350 4
117 488 2
117 489 2
117 490 1
117 534 1
118 121 1
118 123 1
118 124 1
118 125 2
118 349 1
118 350 5
118 489 2
118 490 1
118 533 2
118 534 5
119 123 5
119 124 4
119 350 4
119 488 1
119 489 2
119 490 3
119 534 5
120 566 2
120 567 1
121 566 1
121 567 2
122 129 2
122 130 2
122 131 2
122 132 5
122 133 2
122 134 3
122 135 5
122 137 2
122 138 3
122 209 4
122 220 1
122 221 1
122 222 2
122 288 3
122 385 3
122 446 4
123 130 3
123 132 3
123 133 2
123 134 1
123 135 4
123 137 3
123 138 5
123 209 4
123 220 2
123 221 5
123 222 1
123 288 1
123 349 4
123 385 4
123 446 3
124 129 5
124 130 3
124 131 4
124 132 3
124 133 3
124 134 2
124 135 2
124 137 5
124 138 3
124 209 4
124 220 5
124 221 2
124 222 1
124 288 4
124 300 5
124 350 5
124 385 3
124 446 3
125 129 3
125 130 5
125 131 2
125 132 1
125 133 4
125 134 4
125 135 2
129 132 1
129 133 1
129 135 5
129 364 5
129 365 3
129 503 1
129 504 1
130 132 4
130 133 1
130 135 4
130 364 4
130 365 5
130 503 5
130 504 5
131 132 4
131 133 2
131 135 3
131 364 2
131 365 2
131 503 3
131 504 2
132 192 5
132 540 2
132 541 5
132 542 3
132 566 1
133 192 4
133 540 5
133 541 1
133 542 2
133 566 4
133 567 4
134 141 3
134 192 2
134 279 2
134 540 4
134 541 2
134 565 5
134 566 1
134 567 3
135 192 1
135 540 5
135 541 2
135 566 4
141 192 1
142 192 1
145 204 5
145 205 3
146 204 1
146 205 2
147 415 1
147 416 2
147 417 1
148 192 2
149 535 4
149 536 3
149 537 3
149 538 2
150 168 2
150 170 2
151 159 3
151 161 5
151 172 3
151 173 4
152 177 3
152 182 3
152 183 5
152 249 4
153 183 4
154 182 4
154 183 3
155 172 1
155 173 4
156 161 1
156 172 1
156 173 1
157 172 5
157 173 3
158 172 1
158 173 3
160 161 3
160 172 2
160 173 1
162 172 1
162 173 1
163 182 2
164 182 4
165 182 1
165 183 1
166 174 3
166 177 1
166 179 1
167 173 3
168 172 4
168 173 2
170 182 5
170 183 3
171 182 5
171 183 4
172 179 4
172 180 3
172 185 2
173 174 4
173 175 3
173 177 3
173 178 4
173 181 3
173 185 2
174 182 5
174 183 1
174 184 1
174 241 2
174 266 4
174 268 3
175 181 1
175 182 3
175 183 1
175 184 1
175 241 2
175 266 4
175 268 3
176 241 5
176 266 4
176 268 5
177 181 1
177 182 2
177 183 1
177 184 4
177 241 5
177 266 3
177 267 4
177 268 1
177 491 2
178 179 5
178 180 3
178 181 1
178 182 2
178 183 1
178 184 1
178 237 4
178 241 3
178 266 5
178 268 1
178 269 5
179 182 5
179 183 5
179 184 4
179 208 2
179 249 5
179 426 3
180 182 2
180 183 3
180 204 4
180 207 4
180 208 5
180 248 1
180 249 1
180 426 4
181 208 1
181 249 1
181 426 3
182 218 2
182 219 3
182 380 4
182 381 3
182 571 5
183 218 3
183 219 5
183 380 3
183 381 3
183 571 2
187 192 3
188 192 2
189 192 2
190 192 2
191 192 5
191 415 4
191 429 1
192 210 3
192 429 5
193 204 2
193 205 4
194 204 1
194 205 5
195 204 5
195 205 1
196 204 1
196 205 1
197 204 3
197 205 5
198 205 5
199 204 3
199 205 5
200 204 3
200 205 4
201 204 1
201 205 5
202 204 1
202 205 1
203 204 4
203 205 1
204 206 2
204 208 3
204 543 5
204 544 1
205 206 3
205 207 2
205 208 4
205 543 4
205 544 2
206 491 4
206 492 3
206 493 2
206 545 4
207 208 4
207 492 1
207 545 1
208 249 4
211 404 1
212 404 4
212 405 5
213 404 2
213 405 1
214 408 2
214 575 1
215 535 2
215 536 2
215 537 5
215 538 1
216 354 5
216 357 3
223 620 3
223 621 3
223 622 5
223 623 1
224 620 4
224 621 5
224 622 5
224 623 5
225 270 4
225 271 5
225 272 3
225 273 4
226 349 1
226 354 1
226 355 2
226 356 2
226 357 3
227 354 1
227 355 4
227 356 4
227 357 4
228 415 2
228 416 1
228 417 5
229 415 1
229 416 2
229 417 2
230 482 5
231 482 5
232 415 3
232 416 2
232 417 1
233 415 1
233 416 2
233 417 4
234 240 4
234 241 1
235 240 1
235 241 3
236 241 4
237 240 1
237 241 3
238 240 5
238 241 2
239 240 5
239 241 4
240 241 5
240 377 5
240 378 5
241 377 5
241 378 3
241 406 1
241 407 1
244 404 2
244 405 5
245 526 2
245 527 5
245 528 4
245 529 5
246 535 2
246 536 5
246 537 2
246 538 3
247 388 3
247 533 1
247 534 5
248 249 3
248 268 4
248 533 1
248 534 5
249 534 4
250 267 2
250 268 3
250 276 3
250 277 3
250 278 3
250 279 4
251 264 3
251 265 4
252 264 3
252 265 4
253 264 3
253 265 2
254 264 1
254 265 2
255 264 3
255 265 3
256 264 1
256 265 3
257 264 2
257 265 2
258 264 1
259 264 2
259 265 5
260 264 3
260 265 1
261 264 1
261 265 4
262 270 1
262 271 1
262 272 2
262 273 5
263 270 5
263 271 1
263 272 5
263 273 5
264 266 2
264 275 5
264 276 3
264 277 5
264 278 3
264 279 1
264 280 5
264 285 5
264 445 2
264 548 3
265 268 5
265 269 3
265 275 5
265 276 1
265 277 1
265 278 4
265 279 2
265 280 4
265 285 3
265 445 4
265 548 1
266 269 4
266 271 5
266 273 5
266 274 1
266 491 3
266 492 5
266 493 2
266 509 5
267 491 5
267 509 1
267 564 5
268 271 4
268 273 3
268 279 2
268 454 1
268 455 2
269 455 2
270 276 1
270 277 1
270 278 2
270 279 4
270 280 4
270 281 4
270 282 1
270 541 5
270 549 1
271 277 1
271 279 5
271 280 3
271 281 5
271 282 5
271 549 1
272 277 1
272 278 4
272 279 3
272 280 5
272 281 5
272 282 3
272 549 4
273 276 1
273 279 1
273 280 5
273 281 4
273 282 2
273 549 4
274 279 2
274 280 4
277 279 4
279 455 3
279 526 3
279 535 3
279 540 5
279 541 3
279 548 4
280 455 2
280 540 5
280 541 2
280 542 2
283 526 3
283 527 5
283 528 4
283 529 4
284 526 3
284 527 5
284 528 3
284 529 1
286 404 1
286 405 2
287 404 2
287 405 3
289 604 2
289 606 1
290 603 4
290 604 1
290 605 2
290 606 5
291 601 2
291 602 1
292 605 4
292 606 4
293 604 3
296 535 4
296 536 1
296 537 4
296 538 3
300 388 5
301 337 2
301 338 5
301 339 2
301 340 3
301 341 2
301 342 1
301 343 4
301 344 3
301 345 4
301 346 5
301 347 2
301 348 1
302 308 1
302 310 4
302 344 5
302 345 5
302 348 4
303 306 1
303 310 4
303 332 1
303 337 2
303 339 3
303 340 1
303 341 4
303 342 1
303 345 5
303 347 4
303 348 5
304 319 5
304 337 5
304 338 1
304 339 3
304 340 1
304 341 1
305 337 2
305 339 1
305 340 5
305 341 4
305 342 5
305 344 3
305 345 1
305 347 2
305 348 2
306 314 5
306 317 2
306 318 2
306 319 5
306 321 3
306 322 2
306 323 3
306 337 3
306 338 3
306 339 2
306 340 4
306 341 4
306 342 2
306 347 5
307 337 2
307 340 1
307 341 4
307 342 5
307 348 3
308 317 1
308 318 2
308 319 1
308 321 1
308 322 2
308 323 1
308 338 3
308 339 3
308 340 1
308 341 2
308 347 4
309 337 3
309 339 2
309 340 3
309 341 2
309 342 2
309 344 4
309 345 3
309 347 4
309 348 2
310 317 4
310 318 3
310 319 3
310 321 3
310 322 2
310 323 3
310 340 2
310 341 4
310 342 1
310 347 4
311 339 3
311 340 2
311 341 3
311 342 1
311 344 4
311 345 1
311 347 1
311 348 2
312 317 3
312 318 5
312 319 4
312 321 2
312 322 5
312 323 2
312 339 4
312 340 4
312 341 2
312 342 2
312 347 3
313 338 3
313 339 4
313 340 1
313 341 3
313 344 1
313 345 4
313 347 1
313 348 2
314 319 4
314 332 2
314 337 3
314 339 4
314 340 3
314 341 1
315 354 1
315 355 1
315 356 2
315 357 3
316 354 4
316 355 4
316 356 3
316 357 2
317 332 3
317 339 1
317 340 5
317 341 1
317 342 2
317 345 1
317 347 5
317 348 2
317 356 5
318 339 5
318 340 2
318 341 3
318 342 3
318 345 4
318 347 4
318 348 4
318 356 2
319 324 5
319 325 2
319 327 5
319 329 4
319 332 1
319 337 2
319 344 5
319 345 3
319 355 5
319 356 5
319 357 2
320 337 1
320 340 3
320 341 1
320 342 5
320 344 2
320 345 5
320 347 5
320 348 2
320 365 3
321 324 5
321 325 3
321 327 5
321 329 3
321 332 4
321 337 5
321 338 4
321 344 2
321 346 3
321 354 5
322 325 5
322 332 4
322 338 1
322 339 1
322 340 2
322 341 2
322 342 1
322 344 2
322 345 5
322 347 2
322 348 3
323 324 4
323 325 1
323 329 4
323 332 5
323 338 3
323 340 2
323 345 1
323 354 5
324 337 2
324 338 1
324 339 4
324 340 2
324 341 5
324 344 5
324 345 5
324 347 4
324 348 5
325 337 5
325 339 1
325 340 2
325 341 1
325 347 1
326 337 2
326 338 1
326 340 1
326 341 4
326 342 4
326 344 3
326 345 5
326 348 3
327 337 3
327 340 4
327 341 2
327 347 1
328 339 4
328 340 1
328 341 4
328 345 5
328 347 3
328 348 2
329 337 3
329 338 3
329 340 2
329 341 1
330 337 3
330 339 4
330 340 4
330 341 2
330 345 1
330 348 5
330 350 4
331 337 1
331 338 2
331 339 2
331 340 5
331 341 2
331 342 4
331 347 2
332 337 1
332 338 4
332 340 2
332 341 2
332 344 4
332 345 3
332 346 5
332 347 3
332 348 3
332 349 3
333 337 1
333 338 4
333 339 2
333 340 3
333 341 4
333 343 5
333 344 2
333 345 1
333 346 2
333 347 5
333 348 3
333 365 2
334 354 4
334 355 5
335 354 5
335 355 5
335 356 2
335 357 1
335 379 3
336 365 1
337 350 1
337 351 5
337 360 2
337 361 4
337 362 1
337 363 4
337 364 1
337 367 5
337 369 2
337 370 3
337 375 2
337 443 3
337 579 3
338 350 2
338 351 3
338 360 1
338 361 5
338 364 4
338 367 1
338 370 3
338 375 1
338 443 2
338 579 1
339 350 1
339 351 2
339 361 1
339 362 5
339 363 1
339 364 5
339 365 3
339 369 3
339 370 2
339 375 4
339 443 5
339 579 5
340 349 2
340 350 1
340 361 4
340 362 5
340 363 2
340 364 5
340 365 4
340 366 5
340 369 2
340 370 4
340 375 4
340 443 1
340 579 5
340 616 5
341 345 4
341 350 1
341 361 5
341 362 3
341 363 3
341 366 1
341 367 5
341 369 3
341 370 1
341 375 2
341 443 5
341 579 1
342 350 1
342 351 3
342 360 2
342 364 2
342 367 4
342 369 3
342 375 3
342 443 4
342 579 2
343 369 4
343 443 5
343 579 5
344 349 1
344 353 3
344 359 2
344 361 4
344 363 2
344 364 5
344 365 4
344 367 2
344 369 3
344 370 4
344 375 5
344 443 5
344 579 4
345 349 2
345 353 2
345 361 2
345 363 5
345 364 3
345 365 2
345 369 4
345 370 1
345 375 1
345 443 4
345 579 3
346 349 2
346 353 4
346 359 5
346 361 5
346 363 2
346 364 5
346 367 3
346 369 5
346 370 1
346 375 4
346 579 1
347 349 1
347 350 2
347 351 3
347 353 3
347 364 1
347 365 2
347 367 3
347 369 3
347 370 3
347 375 3
347 443 5
347 579 4
348 349 2
348 350 2
348 351 4
348 361 3
348 363 4
348 364 1
348 365 2
348 366 5
348 367 5
348 369 4
348 370 1
348 375 5
348 443 1
348 579 4
349 353 1
349 355 4
349 357 1
349 358 2
349 361 3
349 615 4
349 616 5
349 618 5
350 353 2
350 354 2
350 357 1
350 358 5
350 615 2
350 616 1
350 618 3
350 619 4
351 357 4
351 415 5
352 354 5
352 355 3
352 415 1
353 415 1
353 616 4
354 364 3
354 365 3
354 367 1
354 371 1
354 376 2
354 442 2
354 506 5
354 551 2
354 580 1
355 364 2
355 365 3
355 367 5
355 368 2
355 371 1
355 376 5
355 442 2
355 506 3
355 551 1
355 580 4
356 366 3
356 367 1
356 368 3
356 371 5
356 376 4
356 442 5
356 506 1
356 551 2
356 580 4
357 364 4
357 365 5
357 367 5
357 368 5
357 371 5
357 376 5
357 442 2
357 506 1
357 551 4
357 580 1
357 616 1
358 364 1
358 365 5
358 616 1
364 366 5
364 367 3
365 367 1
365 540 3
372 620 2
372 621 4
372 622 5
372 623 3
382 405 4
383 404 4
383 405 1
384 494 2
384 495 5
384 496 4
384 497 4
384 498 3
384 499 5
386 526 3
386 527 1
386 528 4
386 529 5
387 535 5
387 536 2
387 537 1
387 538 4
387 618 2
389 404 5
389 405 3
390 404 1
390 405 2
390 408 5
391 404 2
391 405 2
392 404 5
392 405 2
393 404 3
393 405 3
394 404 4
394 405 1
395 404 5
395 405 5
396 404 3
396 405 3
397 404 3
397 405 1
398 404 5
398 405 2
399 404 4
399 405 1
400 404 1
400 405 2
401 404 3
401 405 1
401 408 4
402 404 1
402 405 2
403 404 1
403 405 3
404 407 3
404 408 2
404 409 4
404 572 1
404 573 2
404 574 2
404 578 2
405 407 1
405 408 1
405 409 3
405 572 1
405 573 5
405 574 3
405 578 5
406 575 4
407 408 5
407 575 3
410 415 2
410 416 5
410 417 3
411 415 5
411 416 1
411 417 3
412 415 2
412 416 1
412 417 5
413 415 5
413 416 2
413 417 4
414 415 3
414 416 5
415 416 5
415 417 1
415 427 3
415 428 1
415 576 2
415 577 4
416 427 1
416 428 4
416 576 5
416 577 1
416 617 5
416 618 2
416 619 4
417 428 3
417 576 4
417 577 5
417 618 4
418 425 2
419 425 4
419 426 4
420 425 5
421 425 3
421 426 5
422 425 5
422 426 1
423 425 1
423 426 5
424 425 3
424 426 2
425 426 4
425 454 1
425 570 2
432 562 3
432 563 3
433 562 4
433 563 2
434 620 4
434 621 5
434 622 3
434 623 2
435 484 2
435 485 1
435 486 5
435 487 3
436 494 3
436 495 3
436 496 2
436 497 1
436 498 3
436 499 1
437 612 4
437 613 1
437 614 4
438 620 2
438 621 2
438 622 2
438 623 5
439 617 1
439 618 2
439 619 2
447 494 4
447 495 3
447 496 1
447 497 3
447 498 4
447 499 4
448 488 2
448 489 2
448 490 5
448 545 1
449 455 4
450 455 1
451 455 2
452 455 3
453 455 5
454 455 2
455 456 5
457 484 2
457 485 4
457 486 2
457 487 5
458 494 4
458 497 3
459 484 1
459 485 4
459 486 5
459 487 2
460 484 1
460 485 4
460 486 2
460 487 2
461 494 5
461 495 4
461 496 4
461 497 3
461 498 3
461 499 2
462 484 5
462 485 1
463 484 1
463 485 5
463 486 3
463 487 2
464 484 1
464 485 5
465 484 4
465 485 3
465 486 2
465 487 2
466 484 5
466 485 5
467 484 3
467 485 4
467 486 4
467 487 4
468 484 4
468 485 1
468 486 2
468 487 5
469 484 5
469 485 4
469 486 1
469 487 2
470 484 1
470 485 4
470 486 3
470 487 4
471 484 2
471 485 1
471 486 3
471 487 3
472 484 5
472 485 4
473 484 4
473 485 2
473 486 3
473 487 1
474 484 3
474 485 1
475 484 4
475 485 1
475 486 3
475 487 2
476 484 1
476 485 5
477 484 5
477 485 1
477 486 3
477 487 1
478 494 1
478 495 3
478 496 2
478 497 5
478 498 4
478 499 1
479 494 3
479 495 5
479 496 3
479 497 5
479 498 4
479 499 2
480 484 4
480 485 4
481 486 1
481 487 4
482 494 2
482 495 2
482 496 1
482 497 4
482 498 3
482 499 1
482 547 1
483 494 1
483 495 2
483 496 4
483 497 3
483 499 4
483 547 5
484 486 2
484 489 4
484 490 3
484 501 5
484 502 2
484 507 1
485 491 1
485 492 4
485 493 4
485 501 3
485 502 5
485 503 3
485 504 1
485 505 1
485 507 2
485 539 5
486 488 1
486 492 2
486 502 1
486 503 5
486 504 3
486 505 2
486 507 2
487 488 5
487 489 4
487 490 4
487 491 4
487 492 2
487 493 3
487 502 1
487 505 3
487 507 3
488 496 4
488 498 4
488 500 3
488 531 2
489 495 3
489 499 1
489 500 4
489 531 2
490 495 5
490 499 1
490 500 4
490 530 2
490 531 2
491 494 2
491 499 1
491 500 3
491 564 3
492 494 1
492 499 2
492 564 1
492 565 3
493 494 4
493 495 5
493 496 1
493 497 1
493 498 4
493 499 4
493 564 1
493 565 1
494 503 5
494 504 4
494 505 5
494 508 5
494 509 3
495 504 4
495 508 1
495 509 1
496 504 5
496 505 3
496 508 3
497 503 4
497 504 1
497 508 3
498 504 4
498 508 2
499 504 1
499 508 5
500 504 3
500 505 5
502 504 4
503 539 1
504 539 1
510 562 1
510 563 3
511 518 5
511 526 3
511 527 4
511 528 1
511 529 3
512 526 5
512 527 4
512 528 4
512 529 4
513 526 2
513 527 2
513 528 3
513 529 3
514 535 1
514 536 4
514 537 5
514 538 2
515 518 1
515 526 2
515 527 4
515 528 2
515 529 3
516 526 1
516 527 5
517 518 4
517 526 3
517 527 3
517 528 3
517 529 3
518 519 1
518 520 1
518 526 5
518 527 3
518 528 3
518 529 1
519 526 1
519 527 2
519 541 5
520 526 5
520 527 3
520 528 5
520 529 4
521 535 5
521 536 1
521 537 2
521 538 3
522 535 4
522 536 4
522 537 5
522 538 3
523 526 5
523 527 1
523 528 1
523 529 5
524 535 2
524 536 3
524 537 3
524 538 1
525 535 2
526 532 2
526 533 5
526 539 1
526 540 4
526 541 1
526 542 4
527 530 4
527 531 5
527 533 4
527 534 5
527 540 1
527 541 1
527 542 4
528 530 3
528 531 2
528 539 5
528 540 1
528 541 3
529 533 2
529 534 3
529 540 5
529 541 3
529 542 2
530 533 4
530 537 4
530 538 3
530 615 5
530 616 2
531 533 4
531 537 1
531 615 2
531 616 2
531 618 3
532 533 1
532 534 2
532 615 3
533 535 4
533 536 5
534 535 1
534 536 1
534 538 3
535 539 3
535 540 1
535 541 5
535 542 4
535 550 5
536 539 1
536 540 5
536 550 2
537 540 1
537 541 1
537 550 4
538 540 2
538 541 4
538 542 5
538 550 1
539 540 5
539 541 4
546 620 3
546 621 2
546 622 5
546 623 3
552 562 5
552 563 3
553 562 2
553 563 2
554 562 2
554 563 4
555 556 5
555 562 4
555 563 4
556 562 4
556 563 4
557 562 3
557 563 4
558 562 3
558 563 5
559 562 2
559 563 5
560 562 3
560 563 5
561 562 3
561 563 3
562 564 5
562 565 2
562 566 1
562 567 2
562 568 2
563 564 5
563 565 4
563 566 5
563 567 3
563 568 5
564 567 2
565 567 3
566 567 2
582 612 3
582 613 3
582 614 4
583 612 5
583 613 3
583 614 1
584 612 3
584 613 3
584 614 4
585 620 1
585 621 2
585 622 5
585 623 2
586 612 2
586 613 1
586 614 3
587 588 4
587 612 2
587 614 4
588 612 4
588 613 2
588 614 4
589 612 2
590 612 3
590 613 2
590 614 1
591 612 4
592 612 5
592 613 1
592 614 2
593 612 3
594 612 5
594 613 2
594 614 2
595 612 1
596 612 1
596 613 2
596 614 4
597 612 2
598 612 3
598 613 3
598 614 4
599 620 1
599 621 3
599 622 5
599 623 2
600 603 5
601 612 1
602 613 2
602 614 5
603 612 5
603 614 4
604 612 2
604 613 4
604 614 2
605 612 5
606 613 1
606 614 2
607 618 2
607 629 4
608 612 1
608 613 4
608 614 3
610 620 4
610 621 3
610 622 3
610 623 2
611 620 2
611 621 1
611 622 1
611 623 5
612 616 1
612 617 4
612 618 1
612 626 3
612 627 2
612 628 2
612 629 5
612 630 5
613 615 3
613 619 1
613 624 5
613 627 5
613 628 2
613 630 1
614 615 4
614 618 4
614 619 4
614 625 3
614 627 4
614 628 3
614 630 3
615 619 3
615 620 2
615 621 4
615 623 5
616 618 5
617 620 3
618 621 4
618 623 1
618 625 3
619 622 5
620 629 4
620 630 5
622 629 4
622 630 3
